2012080100 0.919905 0.9955
2012080200 0.934097 0.995336
2012080300 0.924584 0.995468
2012080400 0.922337 0.996574
2012080500 0.915175 0.995671
2012080600 0.916709 0.995394
2012080900 0.913521 0.994744
2012081000 0.910792 0.995863
2012081100 0.924656 0.996311
2012081200 0.9272 0.995659
2012081300 0.937355 0.99619
2012081400 0.941463 0.997073
2012081500 0.944414 0.997025
2012081600 0.94194 0.997514
2012081700 0.932932 0.994791
2012081800 0.938254 0.9962
2012081900 0.934716 0.996032
2012082000 0.927681 0.995066
2012082100 0.936983 0.9969
2012082200 0.932453 0.996296
2012082300 0.930667 0.996146
2012082400 0.92146 0.995437
2012082500 0.917856 0.995529
2012082600 0.915157 0.995703
2012082700 0.916586 0.993767
2012082800 0.919288 0.994527
2012082900 0.931785 0.994119
2012083000 0.9237 0.994841
2012083100 0.92913 0.995275
2012090100 0.922886 0.996248
2012102600 0.980397 0.998546
2012102700 0.977251 0.998147
2012102800 0.975599 0.998433
2012102900 0.974622 0.998421
2012103000 0.978922 0.998392
2012103100 0.977531 0.998223
2012080100 0.920375 0.985504
2012080200 0.916665 0.983337
2012080300 0.911179 0.984336
2012080400 0.901977 0.987866
2012080500 0.882856 0.981395
2012080700 0.891321 0.986431
2012080900 0.885887 0.981916
2012081000 0.904823 0.987426
2012081100 0.915401 0.985588
2012081200 0.92245 0.986461
2012081300 0.928881 0.988196
2012081400 0.926901 0.988034
2012081500 0.929751 0.990298
2012081600 0.924957 0.988469
2012081700 0.922076 0.983445
2012081800 0.9186 0.98213
2012081900 0.907113 0.983437
2012082000 0.918104 0.991863
2012082100 0.925946 0.990767
2012082200 0.920955 0.986675
2012082300 0.909014 0.986598
2012082400 0.907402 0.984521
2012082500 0.903618 0.984003
2012082600 0.903861 0.984091
2012082700 0.905733 0.978551
2012082800 0.91274 0.982692
2012082900 0.893418 0.980455
2012083000 0.904439 0.986049
2012083100 0.904856 0.983425
2012090100 0.896373 0.986837
2012102600 0.969344 0.99358
2012102700 0.968569 0.994983
2012102800 0.966376 0.992915
2012102900 0.972105 0.994454
2012103000 0.971902 0.994267
2012103100 0.971467 0.99245
