start	23	2005	6	8	18
	-99999	-99999	276	16.9	100400	12.8611	0.000e+00	2005	6	8	18
	-99999	-99999	276.1	17.4	100300	15.4333	0.000e+00	2005	6	9	0
	-99999	-99999	276.1	18.2	100300	18.0056	0.000e+00	2005	6	9	6
	-99999	-99999	276	19	100200	18.0056	0.000e+00	2005	6	9	12
	-99999	-99999	275.9	19.7	100200	18.0056	0.000e+00	2005	6	9	18
	-99999	-99999	275.8	20.4	100100	20.5778	0.000e+00	2005	6	10	0
	-99999	-99999	275.6	21.2	100000	23.15	0.000e+00	2005	6	10	6
	-99999	-99999	275.3	23	100000	25.7222	0.000e+00	2005	6	10	12
	-99999	-99999	274.9	24.9	99500	28.2944	0.000e+00	2005	6	10	18
	-99999	-99999	274.4	26.5	99000	30.8667	0.000e+00	2005	6	11	0
	-99999	-99999	273.2	27.7	99300	30.8667	0.000e+00	2005	6	11	6
	-99999	-99999	272.8	28.9	99000	28.2944	0.000e+00	2005	6	11	12
	-99999	-99999	272.5	30.1	99100	25.7222	0.000e+00	2005	6	11	18
	-99999	-99999	272.4	31.4	99400	15.4333	5.297e+02	2005	6	12	0
	-99999	-99999	272.3	32.7	99800	12.8611	3.728e+02	2005	6	12	6
	-99999	-99999	272	35	100300	10.2889	1.923e+03	2005	6	12	12
	-99999	-99999	272.2	37	100500	10.2889	1.570e+03	2005	6	12	18
	-99999	-99999	272.5	38.5	100600	10.2889	1.530e+03	2005	6	13	0
	-99999	-99999	274	40.5	100600	10.2889	2.472e+03	2005	6	13	6
	-99999	-99999	275	42	100500	10.2889	2.845e+03	2005	6	13	12
	-99999	-99999	276	43	100500	10.2889	2.315e+03	2005	6	13	18
	-99999	-99999	278.9	43.7	100300	10.2889	3.473e+03	2005	6	14	0
	-99999	-99999	282.4	44.8	100100	10.2889	3.031e+03	2005	6	14	6
start	6	2005	6	28	18
	-99999	-99999	264.6	19.7	100600	15.4333	0.000e+00	2005	6	28	18
	-99999	-99999	264.2	20	100500	18.0056	0.000e+00	2005	6	29	0
	-99999	-99999	263.6	20.4	100500	18.0056	0.000e+00	2005	6	29	6
	-99999	-99999	262.7	20.8	100500	18.0056	4.316e+02	2005	6	29	12
	-99999	-99999	261.9	21.4	100700	12.8611	8.437e+02	2005	6	29	18
	-99999	-99999	261.5	22	100800	12.8611	1.962e+02	2005	6	30	0
start	31	2005	7	3	18
	-99999	-99999	273.3	18.3	100900	15.4333	0.000e+00	2005	7	3	18
	-99999	-99999	272.8	18.6	100700	15.4333	0.000e+00	2005	7	4	0
	-99999	-99999	272.1	19.3	100700	15.4333	1.962e+01	2005	7	4	6
	-99999	-99999	271.5	20.9	101100	12.8611	3.139e+02	2005	7	4	12
	-99999	-99999	271	22.3	101000	15.4333	0.000e+00	2005	7	4	18
	-99999	-99999	270.3	23.9	100900	15.4333	0.000e+00	2005	7	5	0
	-99999	-99999	269.8	25.1	100900	18.0056	0.000e+00	2005	7	5	6
	-99999	-99999	269.6	26.4	100200	23.15	0.000e+00	2005	7	5	12
	-99999	-99999	269.5	27.6	99700	30.8667	0.000e+00	2005	7	5	18
	-99999	-99999	269.7	28.5	99200	33.4389	0.000e+00	2005	7	6	0
	-99999	-99999	270	29.6	99400	25.7222	1.962e+01	2005	7	6	6
	-99999	-99999	271.1	30.8	99800	20.5778	2.943e+02	2005	7	6	12
	-99999	-99999	271.9	31.6	100000	15.4333	3.335e+02	2005	7	6	18
	-99999	-99999	272.8	32.4	100400	12.8611	5.494e+02	2005	7	7	0
	-99999	-99999	273.8	33.2	100800	10.2889	1.570e+03	2005	7	7	6
	-99999	-99999	275.9	34.6	100900	10.2889	5.258e+03	2005	7	7	12
	-99999	-99999	278.2	35.6	101000	10.2889	4.375e+03	2005	7	7	18
	-99999	-99999	280	37.1	101000	10.2889	4.473e+03	2005	7	8	0
	-99999	-99999	281.7	37.8	101000	10.2889	1.393e+03	2005	7	8	6
	-99999	-99999	283.3	38.4	100900	12.8611	3.532e+02	2005	7	8	12
	-99999	-99999	285.2	39.1	100900	12.8611	5.886e+01	2005	7	8	18
	-99999	-99999	288	39.5	100900	12.8611	0.000e+00	2005	7	9	0
	-99999	-99999	289.3	40.8	100900	12.8611	0.000e+00	2005	7	9	6
	-99999	-99999	290.2	41.6	100700	15.4333	0.000e+00	2005	7	9	12
	-99999	-99999	290.4	43.5	100600	15.4333	0.000e+00	2005	7	9	18
	-99999	-99999	290.2	44.9	100600	15.4333	1.511e+03	2005	7	10	0
	-99999	-99999	290	45.5	100600	15.4333	4.787e+03	2005	7	10	6
	-99999	-99999	292.4	46.5	100600	12.8611	1.236e+03	2005	7	10	12
	-99999	-99999	293.6	48	100600	10.2889	4.120e+02	2005	7	10	18
	-99999	-99999	295.5	48.5	100600	10.2889	1.491e+03	2005	7	11	0
	-99999	-99999	297.5	48.5	100600	10.2889	0.000e+00	2005	7	11	6
start	55	2005	7	4	18
	-99999	-99999	299.2	12	101000	12.8611	0.000e+00	2005	7	4	18
	-99999	-99999	297.5	12.2	100900	15.4333	0.000e+00	2005	7	5	0
	-99999	-99999	295.8	12.5	100800	15.4333	0.000e+00	2005	7	5	6
	-99999	-99999	294.1	13	100700	18.0056	0.000e+00	2005	7	5	12
	-99999	-99999	292.7	13.6	100500	20.5778	0.000e+00	2005	7	5	18
	-99999	-99999	291.5	14.3	100000	23.15	0.000e+00	2005	7	6	0
	-99999	-99999	290.3	14.7	99500	25.7222	0.000e+00	2005	7	6	6
	-99999	-99999	289.1	15.1	99100	28.2944	0.000e+00	2005	7	6	12
	-99999	-99999	288.1	15.6	98900	30.8667	0.000e+00	2005	7	6	18
	-99999	-99999	287	16.2	98200	36.0111	0.000e+00	2005	7	7	0
	-99999	-99999	285.9	16.7	97200	41.1556	0.000e+00	2005	7	7	6
	-99999	-99999	285.1	17.6	96700	46.3	0.000e+00	2005	7	7	12
	-99999	-99999	283.9	18.5	95700	51.4444	0.000e+00	2005	7	7	18
	-99999	-99999	282.9	19.4	95100	61.7333	0.000e+00	2005	7	8	0
	-99999	-99999	281.6	20.3	95300	56.5889	0.000e+00	2005	7	8	6
	-99999	-99999	280.5	20.9	93800	66.8778	0.000e+00	2005	7	8	12
	-99999	-99999	279.4	22	94100	61.7333	0.000e+00	2005	7	8	18
	-99999	-99999	278.4	22.7	96000	51.4444	1.177e+02	2005	7	9	0
	-99999	-99999	277.5	23.4	97300	38.5833	0.000e+00	2005	7	9	6
	-99999	-99999	276.6	24.3	96700	41.1556	0.000e+00	2005	7	9	12
	-99999	-99999	275.8	25.2	96200	46.3	0.000e+00	2005	7	9	18
	-99999	-99999	275	26.1	94200	56.5889	0.000e+00	2005	7	10	0
	-99999	-99999	274.2	27.2	93500	64.3056	0.000e+00	2005	7	10	6
	-99999	-99999	273.7	28.5	93000	61.7333	0.000e+00	2005	7	10	12
	-99999	-99999	273.1	29.9	94200	56.5889	0.000e+00	2005	7	10	18
	-99999	-99999	272.3	31.5	97000	23.15	8.829e+02	2005	7	11	0
	-99999	-99999	271.5	32.6	99100	15.4333	1.118e+03	2005	7	11	6
	-99999	-99999	271.2	33.9	99700	12.8611	8.437e+02	2005	7	11	12
	-99999	-99999	270.9	35.3	100200	10.2889	1.256e+03	2005	7	11	18
	-99999	-99999	270.8	36.4	100300	10.2889	1.138e+03	2005	7	12	0
	-99999	-99999	271	37.1	100500	7.71667	1.040e+03	2005	7	12	6
	-99999	-99999	271.3	37.7	100700	7.71667	1.315e+03	2005	7	12	12
	-99999	-99999	271.7	38.1	100800	7.71667	1.354e+03	2005	7	12	18
	-99999	-99999	272.2	38.5	100900	7.71667	1.432e+03	2005	7	13	0
	-99999	-99999	272.8	38.9	101000	7.71667	1.432e+03	2005	7	13	6
	-99999	-99999	273.5	39.2	101000	7.71667	2.335e+03	2005	7	13	12
	-99999	-99999	274.2	39.2	101000	7.71667	1.942e+03	2005	7	13	18
	-99999	-99999	274.3	39.2	100900	5.14444	2.237e+03	2005	7	14	0
	-99999	-99999	274.4	39	100900	5.14444	2.021e+03	2005	7	14	6
	-99999	-99999	274.4	38.7	101000	5.14444	1.982e+03	2005	7	14	12
	-99999	-99999	274.4	38.4	101000	5.14444	1.452e+03	2005	7	14	18
	-99999	-99999	274.2	38.1	100900	5.14444	1.903e+03	2005	7	15	0
	-99999	-99999	273.8	37.9	101000	5.14444	2.256e+03	2005	7	15	6
	-99999	-99999	273.6	38.1	101200	5.14444	1.923e+03	2005	7	15	12
	-99999	-99999	273.4	38.4	101200	5.14444	1.687e+03	2005	7	15	18
	-99999	-99999	273.2	38.6	101100	5.14444	1.844e+03	2005	7	16	0
	-99999	-99999	273.5	39.4	101300	5.14444	1.746e+03	2005	7	16	6
	-99999	-99999	273.8	40.2	101300	5.14444	2.766e+03	2005	7	16	12
	-99999	-99999	274.8	40.8	101400	5.14444	2.394e+03	2005	7	16	18
	-99999	-99999	275.9	41.3	101300	5.14444	2.080e+03	2005	7	17	0
	-99999	-99999	276.8	42.2	101300	5.14444	1.776e+03	2005	7	17	6
	-99999	-99999	277.7	43.1	101300	5.14444	1.638e+03	2005	7	17	12
	-99999	-99999	278.6	43.9	101200	5.14444	3.178e+03	2005	7	17	18
	-99999	-99999	279.5	44.6	101000	5.14444	2.178e+03	2005	7	18	0
	-99999	-99999	280.2	45.8	100900	5.14444	2.786e+03	2005	7	18	6
start	43	2005	7	11	0
	-99999	-99999	317.6	10.7	101000	12.8611	0.000e+00	2005	7	11	0
	-99999	-99999	316.6	10.8	100900	15.4333	0.000e+00	2005	7	11	6
	-99999	-99999	315.6	10.9	100900	15.4333	0.000e+00	2005	7	11	12
	-99999	-99999	314.6	11	100700	15.4333	0.000e+00	2005	7	11	18
	-99999	-99999	313.2	11	100600	18.0056	0.000e+00	2005	7	12	0
	-99999	-99999	311.5	11	100500	20.5778	0.000e+00	2005	7	12	6
	-99999	-99999	309.8	11	100400	23.15	0.000e+00	2005	7	12	12
	-99999	-99999	308	11	100400	23.15	0.000e+00	2005	7	12	18
	-99999	-99999	306.3	11	100300	23.15	0.000e+00	2005	7	13	0
	-99999	-99999	304.6	11.1	100300	23.15	0.000e+00	2005	7	13	6
	-99999	-99999	302.8	11.2	100300	25.7222	0.000e+00	2005	7	13	12
	-99999	-99999	301.1	11.4	100300	28.2944	0.000e+00	2005	7	13	18
	-99999	-99999	299.8	11.6	99900	36.0111	0.000e+00	2005	7	14	0
	-99999	-99999	298.5	11.9	99100	38.5833	0.000e+00	2005	7	14	6
	-99999	-99999	296.8	12.4	98000	43.7278	0.000e+00	2005	7	14	12
	-99999	-99999	295.1	12.9	97100	51.4444	0.000e+00	2005	7	14	18
	-99999	-99999	293.3	13.3	95900	56.5889	0.000e+00	2005	7	15	0
	-99999	-99999	291.6	13.7	95200	59.1611	0.000e+00	2005	7	15	6
	-99999	-99999	289.9	14.1	96400	59.1611	0.000e+00	2005	7	15	12
	-99999	-99999	288.2	14.5	96900	48.8722	0.000e+00	2005	7	15	18
	-99999	-99999	286.6	14.9	95800	56.5889	0.000e+00	2005	7	16	0
	-99999	-99999	285	15.4	95300	61.7333	0.000e+00	2005	7	16	6
	-99999	-99999	283.5	15.9	94400	66.8778	0.000e+00	2005	7	16	12
	-99999	-99999	282	16.4	93700	69.45	0.000e+00	2005	7	16	18
	-99999	-99999	280.5	17.1	92900	72.0222	0.000e+00	2005	7	17	0
	-99999	-99999	278.8	17.7	94000	69.45	0.000e+00	2005	7	17	6
	-99999	-99999	277.2	18.3	94600	66.8778	0.000e+00	2005	7	17	12
	-99999	-99999	275.7	18.9	94800	64.3056	0.000e+00	2005	7	17	18
	-99999	-99999	274.2	19.5	95100	61.7333	0.000e+00	2005	7	18	0
	-99999	-99999	272.7	20.3	95500	59.1611	0.000e+00	2005	7	18	6
	-99999	-99999	271.1	21.3	97500	33.4389	3.924e+01	2005	7	18	12
	-99999	-99999	269.7	22	98400	33.4389	0.000e+00	2005	7	18	18
	-99999	-99999	268.5	22.6	98100	38.5833	0.000e+00	2005	7	19	0
	-99999	-99999	267.2	23.2	98000	41.1556	0.000e+00	2005	7	19	6
	-99999	-99999	266	23.7	97700	41.1556	0.000e+00	2005	7	19	12
	-99999	-99999	264.9	24.1	95900	43.7278	0.000e+00	2005	7	19	18
	-99999	-99999	263.9	24.4	94800	56.5889	0.000e+00	2005	7	20	0
	-99999	-99999	263.1	24.6	94400	56.5889	0.000e+00	2005	7	20	6
	-99999	-99999	262.4	24.8	94400	56.5889	0.000e+00	2005	7	20	12
	-99999	-99999	261.3	25	97500	36.0111	1.040e+03	2005	7	20	18
	-99999	-99999	260.3	25	99500	23.15	4.375e+03	2005	7	21	0
	-99999	-99999	259.5	25	100000	15.4333	1.842e+04	2005	7	21	6
	-99999	-99999	258.9	25	100700	12.8611	1.833e+04	2005	7	21	12
start	38	2005	7	21	18
	-99999	-99999	285	25	101000	15.4333	0.000e+00	2005	7	21	18
	-99999	-99999	284.1	25.7	100900	20.5778	0.000e+00	2005	7	22	0
	-99999	-99999	283.6	26.2	100800	20.5778	0.000e+00	2005	7	22	6
	-99999	-99999	283.2	26.6	100700	23.15	0.000e+00	2005	7	22	12
	-99999	-99999	283.3	27.4	100600	23.15	0.000e+00	2005	7	22	18
	-99999	-99999	283.4	28.1	100300	23.15	0.000e+00	2005	7	23	0
	-99999	-99999	283.9	28.7	100100	25.7222	0.000e+00	2005	7	23	6
	-99999	-99999	284.6	29.2	100100	30.8667	0.000e+00	2005	7	23	12
	-99999	-99999	285.3	29.7	100100	30.8667	0.000e+00	2005	7	23	18
	-99999	-99999	286.5	30.1	100100	28.2944	0.000e+00	2005	7	24	0
	-99999	-99999	287.4	30.3	100100	28.2944	0.000e+00	2005	7	24	6
	-99999	-99999	288.1	30.7	100100	23.15	0.000e+00	2005	7	24	12
	-99999	-99999	288.8	31.1	100000	23.15	0.000e+00	2005	7	24	18
	-99999	-99999	288.8	31.1	100000	20.5778	0.000e+00	2005	7	25	0
	-99999	-99999	289.5	31	100000	20.5778	0.000e+00	2005	7	25	6
	-99999	-99999	290.2	30.9	99900	20.5778	0.000e+00	2005	7	25	12
	-99999	-99999	290.4	30.9	99900	20.5778	0.000e+00	2005	7	25	18
	-99999	-99999	291.4	30.9	100000	18.0056	0.000e+00	2005	7	26	0
	-99999	-99999	291.8	31.2	100100	18.0056	0.000e+00	2005	7	26	6
	-99999	-99999	291.9	31.7	100200	18.0056	0.000e+00	2005	7	26	12
	-99999	-99999	291.7	32.2	100100	18.0056	0.000e+00	2005	7	26	18
	-99999	-99999	291.5	32.4	100000	20.5778	0.000e+00	2005	7	27	0
	-99999	-99999	291.2	32.8	100000	20.5778	0.000e+00	2005	7	27	6
	-99999	-99999	290.9	33.2	99900	23.15	0.000e+00	2005	7	27	12
	-99999	-99999	290.7	33.6	99900	23.15	0.000e+00	2005	7	27	18
	-99999	-99999	290.6	34.2	99700	25.7222	0.000e+00	2005	7	28	0
	-99999	-99999	290.7	35	99700	25.7222	0.000e+00	2005	7	28	6
	-99999	-99999	290.9	36	99900	23.15	0.000e+00	2005	7	28	12
	-99999	-99999	292	37.1	99700	25.7222	0.000e+00	2005	7	28	18
	-99999	-99999	293.4	38.4	99700	25.7222	0.000e+00	2005	7	29	0
	-99999	-99999	295.2	39.6	99700	25.7222	0.000e+00	2005	7	29	6
	-99999	-99999	297.2	40.8	99700	25.7222	0.000e+00	2005	7	29	12
	-99999	-99999	299.8	42.2	99900	25.7222	0.000e+00	2005	7	29	18
	-99999	-99999	302.5	43.5	100100	25.7222	0.000e+00	2005	7	30	0
	-99999	-99999	305.4	44.7	100300	23.15	0.000e+00	2005	7	30	6
	-99999	-99999	308.3	45.8	100500	20.5778	0.000e+00	2005	7	30	12
	-99999	-99999	311.2	46.4	100600	20.5778	0.000e+00	2005	7	30	18
	-99999	-99999	314	47.5	100600	20.5778	0.000e+00	2005	7	31	0
start	9	2005	7	23	18
	-99999	-99999	267.1	19.3	101100	12.8611	0.000e+00	2005	7	23	18
	-99999	-99999	266.2	19.8	100900	15.4333	0.000e+00	2005	7	24	0
	-99999	-99999	265	20.8	100900	18.0056	0.000e+00	2005	7	24	6
	-99999	-99999	264.2	21	100800	18.0056	0.000e+00	2005	7	24	12
	-99999	-99999	263.4	21.4	100700	18.0056	0.000e+00	2005	7	24	18
	-99999	-99999	262.4	21.8	100500	20.5778	0.000e+00	2005	7	25	0
	-99999	-99999	261.4	22.3	100600	15.4333	6.082e+02	2005	7	25	6
	-99999	-99999	260	22.5	100600	12.8611	1.114e+04	2005	7	25	12
	-99999	-99999	258.6	22.5	100700	10.2889	2.093e+04	2005	7	25	18
start	46	2005	8	2	18
	-99999	-99999	291.2	28.2	100600	15.4333	0.000e+00	2005	8	2	18
	-99999	-99999	291.3	28.9	100500	15.4333	0.000e+00	2005	8	3	0
	-99999	-99999	291.4	29.5	100300	20.5778	0.000e+00	2005	8	3	6
	-99999	-99999	291.7	30.3	100100	23.15	0.000e+00	2005	8	3	12
	-99999	-99999	292.3	30.9	99900	25.7222	0.000e+00	2005	8	3	18
	-99999	-99999	293.6	31.3	99700	25.7222	0.000e+00	2005	8	4	0
	-99999	-99999	295	31.6	99500	25.7222	0.000e+00	2005	8	4	6
	-99999	-99999	296.4	31.9	99500	25.7222	0.000e+00	2005	8	4	12
	-99999	-99999	297.9	32	99400	28.2944	0.000e+00	2005	8	4	18
	-99999	-99999	299.5	32.1	99400	28.2944	0.000e+00	2005	8	5	0
	-99999	-99999	300.6	32.4	99400	28.2944	0.000e+00	2005	8	5	6
	-99999	-99999	301.5	32.5	99500	25.7222	0.000e+00	2005	8	5	12
	-99999	-99999	302.3	32.5	99700	23.15	0.000e+00	2005	8	5	18
	-99999	-99999	302.9	32.6	99700	23.15	0.000e+00	2005	8	6	0
	-99999	-99999	303.2	33	99500	25.7222	0.000e+00	2005	8	6	6
	-99999	-99999	303.3	33.5	99500	25.7222	0.000e+00	2005	8	6	12
	-99999	-99999	303.3	33.5	99500	25.7222	0.000e+00	2005	8	6	18
	-99999	-99999	304.5	34.1	99500	25.7222	0.000e+00	2005	8	7	0
	-99999	-99999	305.1	35.1	99500	25.7222	0.000e+00	2005	8	7	6
	-99999	-99999	306	36	99800	23.15	0.000e+00	2005	8	7	12
	-99999	-99999	307.1	36.8	99800	23.15	0.000e+00	2005	8	7	18
	-99999	-99999	308.1	37.6	99800	23.15	0.000e+00	2005	8	8	0
	-99999	-99999	309.3	38.6	99800	23.15	0.000e+00	2005	8	8	6
	-99999	-99999	311.4	39.6	99800	23.15	0.000e+00	2005	8	8	12
	-99999	-99999	313.1	40.4	99800	23.15	0.000e+00	2005	8	8	18
	-99999	-99999	315	41.2	99700	23.15	0.000e+00	2005	8	9	0
	-99999	-99999	317	41.8	99500	25.7222	0.000e+00	2005	8	9	6
	-99999	-99999	318.9	42.3	99500	25.7222	0.000e+00	2005	8	9	12
	-99999	-99999	321	43	99400	25.7222	0.000e+00	2005	8	9	18
	-99999	-99999	322.9	44	99400	25.7222	0.000e+00	2005	8	10	0
	-99999	-99999	324.8	44.5	99400	25.7222	0.000e+00	2005	8	10	6
	-99999	-99999	325.9	44.5	99400	25.7222	0.000e+00	2005	8	10	12
	-99999	-99999	326.9	44.4	99400	25.7222	0.000e+00	2005	8	10	18
	-99999	-99999	327.8	44.2	99700	23.15	0.000e+00	2005	8	11	0
	-99999	-99999	328.5	43.9	100000	20.5778	0.000e+00	2005	8	11	6
	-99999	-99999	329	43.5	100300	18.0056	0.000e+00	2005	8	11	12
	-99999	-99999	329.3	43.3	100500	15.4333	0.000e+00	2005	8	11	18
	-99999	-99999	329.5	43	100700	15.4333	0.000e+00	2005	8	12	0
	-99999	-99999	329.2	42.5	100800	15.4333	0.000e+00	2005	8	12	6
	-99999	-99999	328.6	42	100900	15.4333	0.000e+00	2005	8	12	12
	-99999	-99999	328.5	41.3	101000	12.8611	0.000e+00	2005	8	12	18
	-99999	-99999	328.5	40.7	101000	12.8611	0.000e+00	2005	8	13	0
	-99999	-99999	328.5	40.5	101100	12.8611	0.000e+00	2005	8	13	6
	-99999	-99999	328.5	40.5	101100	12.8611	0.000e+00	2005	8	13	12
	-99999	-99999	328	41.2	101200	12.8611	0.000e+00	2005	8	13	18
	-99999	-99999	327.5	42	101500	12.8611	0.000e+00	2005	8	14	0
start	56	2005	8	4	18
	-99999	-99999	326.5	12.9	100900	12.8611	0.000e+00	2005	8	4	18
	-99999	-99999	325.5	13.6	100900	12.8611	0.000e+00	2005	8	5	0
	-99999	-99999	324.5	14.6	100900	12.8611	0.000e+00	2005	8	5	6
	-99999	-99999	323.2	15.6	100800	15.4333	0.000e+00	2005	8	5	12
	-99999	-99999	321.6	16.6	100800	15.4333	0.000e+00	2005	8	5	18
	-99999	-99999	320.2	17.2	100800	15.4333	0.000e+00	2005	8	6	0
	-99999	-99999	319.5	17.7	100800	15.4333	0.000e+00	2005	8	6	6
	-99999	-99999	318.4	18.2	100800	15.4333	0.000e+00	2005	8	6	12
	-99999	-99999	317.2	18.8	100800	15.4333	0.000e+00	2005	8	6	18
	-99999	-99999	316.5	19.3	100800	15.4333	0.000e+00	2005	8	7	0
	-99999	-99999	315.8	19.7	100700	15.4333	0.000e+00	2005	8	7	6
	-99999	-99999	315	20.2	100500	18.0056	0.000e+00	2005	8	7	12
	-99999	-99999	314	20.8	100500	18.0056	0.000e+00	2005	8	7	18
	-99999	-99999	312.8	21.3	100500	18.0056	0.000e+00	2005	8	8	0
	-99999	-99999	311.7	21.8	100600	18.0056	0.000e+00	2005	8	8	6
	-99999	-99999	310.1	22.2	100900	15.4333	0.000e+00	2005	8	8	12
	-99999	-99999	309.1	22.4	100900	15.4333	0.000e+00	2005	8	8	18
	-99999	-99999	308	22.5	100900	15.4333	0.000e+00	2005	8	9	0
	-99999	-99999	307.1	22.4	100900	15.4333	0.000e+00	2005	8	9	6
	-99999	-99999	306.3	22.4	100900	15.4333	0.000e+00	2005	8	9	12
	-99999	-99999	305.2	22.4	100900	15.4333	0.000e+00	2005	8	9	18
	-99999	-99999	304.3	22.4	100900	15.4333	0.000e+00	2005	8	10	0
	-99999	-99999	303.5	22.3	100900	15.4333	0.000e+00	2005	8	10	6
	-99999	-99999	302.8	22.4	100900	15.4333	0.000e+00	2005	8	10	12
	-99999	-99999	301.9	22.8	100800	15.4333	0.000e+00	2005	8	10	18
	-99999	-99999	300.7	23.3	100500	18.0056	0.000e+00	2005	8	11	0
	-99999	-99999	299.6	23.9	100300	20.5778	0.000e+00	2005	8	11	6
	-99999	-99999	298.3	24.7	100100	23.15	0.000e+00	2005	8	11	12
	-99999	-99999	297.1	25.4	100100	23.15	0.000e+00	2005	8	11	18
	-99999	-99999	296.2	26.3	100100	23.15	0.000e+00	2005	8	12	0
	-99999	-99999	294.9	27.2	99800	28.2944	0.000e+00	2005	8	12	6
	-99999	-99999	293.7	27.9	99600	28.2944	0.000e+00	2005	8	12	12
	-99999	-99999	292.9	28.4	99500	28.2944	0.000e+00	2005	8	12	18
	-99999	-99999	292.3	28.9	99300	30.8667	0.000e+00	2005	8	13	0
	-99999	-99999	291.8	29.6	99600	30.8667	0.000e+00	2005	8	13	6
	-99999	-99999	291	30	99700	30.8667	0.000e+00	2005	8	13	12
	-99999	-99999	290.6	30.8	100000	30.8667	0.000e+00	2005	8	13	18
	-99999	-99999	290.1	31.6	99700	30.8667	0.000e+00	2005	8	14	0
	-99999	-99999	289.8	32.1	99900	28.2944	0.000e+00	2005	8	14	6
	-99999	-99999	289.9	33.1	99900	28.2944	0.000e+00	2005	8	14	12
	-99999	-99999	290	34	99400	30.8667	0.000e+00	2005	8	14	18
	-99999	-99999	290.5	34.9	98900	36.0111	0.000e+00	2005	8	15	0
	-99999	-99999	291.3	35.7	98500	38.5833	0.000e+00	2005	8	15	6
	-99999	-99999	292.3	36.3	98500	38.5833	0.000e+00	2005	8	15	12
	-99999	-99999	293.5	36.5	98000	41.1556	0.000e+00	2005	8	15	18
	-99999	-99999	294.9	36.6	98000	41.1556	0.000e+00	2005	8	16	0
	-99999	-99999	296	36.6	97800	41.1556	0.000e+00	2005	8	16	6
	-99999	-99999	297	36.6	97500	43.7278	0.000e+00	2005	8	16	12
	-99999	-99999	298	36.5	97000	46.3	0.000e+00	2005	8	16	18
	-99999	-99999	298.7	36.5	97800	41.1556	0.000e+00	2005	8	17	0
	-99999	-99999	299.4	36.5	98300	38.5833	0.000e+00	2005	8	17	6
	-99999	-99999	300.9	36.9	98700	33.4389	0.000e+00	2005	8	17	12
	-99999	-99999	302.7	37.6	98700	33.4389	0.000e+00	2005	8	17	18
	-99999	-99999	305	38.6	99000	30.8667	0.000e+00	2005	8	18	0
	-99999	-99999	307.7	40.3	99000	30.8667	0.000e+00	2005	8	18	6
	-99999	-99999	311.1	43.3	99200	25.7222	0.000e+00	2005	8	18	12
start	21	2005	8	13	12
	-99999	-99999	316.4	13.3	100900	12.8611	0.000e+00	2005	8	13	12
	-99999	-99999	315.3	13.8	100800	15.4333	0.000e+00	2005	8	13	18
	-99999	-99999	314.3	13.8	100800	15.4333	0.000e+00	2005	8	14	0
	-99999	-99999	314	13.4	100900	12.8611	0.000e+00	2005	8	14	6
	-99999	-99999	313.6	13.5	100900	12.8611	0.000e+00	2005	8	14	12
	-99999	-99999	313.3	13.9	101000	12.8611	0.000e+00	2005	8	14	18
	-99999	-99999	312.6	14.4	101000	12.8611	0.000e+00	2005	8	15	0
	-99999	-99999	311.6	14.5	101000	12.8611	0.000e+00	2005	8	15	6
	-99999	-99999	310.7	14.6	101000	12.8611	0.000e+00	2005	8	15	12
	-99999	-99999	310.1	14.8	101000	12.8611	0.000e+00	2005	8	15	18
	-99999	-99999	309.6	15.1	101000	12.8611	0.000e+00	2005	8	16	0
	-99999	-99999	308.9	15.5	101000	12.8611	0.000e+00	2005	8	16	6
	-99999	-99999	308	16	101000	12.8611	0.000e+00	2005	8	16	12
	-99999	-99999	306.8	16.1	101000	12.8611	0.000e+00	2005	8	16	18
	-99999	-99999	305.9	16.1	101000	12.8611	0.000e+00	2005	8	17	0
	-99999	-99999	305.1	16.1	101000	12.8611	0.000e+00	2005	8	17	6
	-99999	-99999	304.4	16.7	101000	12.8611	0.000e+00	2005	8	17	12
	-99999	-99999	303.4	17.1	101000	12.8611	0.000e+00	2005	8	17	18
	-99999	-99999	302.3	17.3	101000	12.8611	0.000e+00	2005	8	18	0
	-99999	-99999	301.1	17.6	101200	12.8611	0.000e+00	2005	8	18	6
	-99999	-99999	299.9	18	101400	12.8611	0.000e+00	2005	8	18	12
start	5	2005	8	22	12
	-99999	-99999	265.5	19.4	100600	15.4333	0.000e+00	2005	8	22	12
	-99999	-99999	265	19.6	100400	18.0056	0.000e+00	2005	8	22	18
	-99999	-99999	264.3	19.7	100100	23.15	0.000e+00	2005	8	23	0
	-99999	-99999	263.3	19.7	100200	18.0056	1.124e+04	2005	8	23	6
	-99999	-99999	262.3	19.7	100500	12.8611	2.380e+04	2005	8	23	12
start	31	2005	8	23	18
	-99999	-99999	284.9	23.1	100800	15.4333	0.000e+00	2005	8	23	18
	-99999	-99999	284.3	23.4	100700	15.4333	0.000e+00	2005	8	24	0
	-99999	-99999	283.8	23.8	100700	15.4333	1.962e+01	2005	8	24	6
	-99999	-99999	283.5	24.5	100600	18.0056	0.000e+00	2005	8	24	12
	-99999	-99999	283.1	25.4	100300	20.5778	0.000e+00	2005	8	24	18
	-99999	-99999	282.3	26	100000	23.15	0.000e+00	2005	8	25	0
	-99999	-99999	281.6	26.1	99700	25.7222	0.000e+00	2005	8	25	6
	-99999	-99999	281	26.2	99400	28.2944	0.000e+00	2005	8	25	12
	-99999	-99999	280.4	26.2	98800	30.8667	0.000e+00	2005	8	25	18
	-99999	-99999	279.7	25.9	98300	36.0111	3.924e+01	2005	8	26	0
	-99999	-99999	278.7	25.4	98700	33.4389	0.000e+00	2005	8	26	6
	-99999	-99999	278	25.1	97900	38.5833	0.000e+00	2005	8	26	12
	-99999	-99999	277.4	24.9	96800	43.7278	0.000e+00	2005	8	26	18
	-99999	-99999	276.7	24.6	95900	46.3	0.000e+00	2005	8	27	0
	-99999	-99999	276	24.4	95000	48.8722	0.000e+00	2005	8	27	6
	-99999	-99999	275.3	24.4	94200	51.4444	0.000e+00	2005	8	27	12
	-99999	-99999	274.7	24.5	94800	51.4444	0.000e+00	2005	8	27	18
	-99999	-99999	274.1	24.8	94100	51.4444	0.000e+00	2005	8	28	0
	-99999	-99999	273.3	25.2	93000	64.3056	0.000e+00	2005	8	28	6
	-99999	-99999	272.3	25.7	90900	74.5944	0.000e+00	2005	8	28	12
	-99999	-99999	271.4	26.3	90200	77.1667	0.000e+00	2005	8	28	18
	-99999	-99999	270.8	27.2	90500	72.0222	0.000e+00	2005	8	29	0
	-99999	-99999	270.4	28.2	91300	64.3056	0.000e+00	2005	8	29	6
	-99999	-99999	270.4	29.5	92300	56.5889	0.000e+00	2005	8	29	12
	-99999	-99999	270.4	31.1	94800	41.1556	9.221e+02	2005	8	29	18
	-99999	-99999	270.9	32.6	96100	25.7222	1.648e+03	2005	8	30	0
	-99999	-99999	271.4	34.1	97800	20.5778	7.652e+02	2005	8	30	6
	-99999	-99999	272	35.6	98500	15.4333	1.177e+03	2005	8	30	12
	-99999	-99999	273	37	99000	15.4333	1.628e+03	2005	8	30	18
	-99999	-99999	274.7	38.6	99400	15.4333	2.609e+03	2005	8	31	0
	-99999	-99999	277.1	40.1	99600	12.8611	2.531e+03	2005	8	31	6
start	26	2005	8	28	12
	-99999	-99999	314.9	14	100900	12.8611	0.000e+00	2005	8	28	12
	-99999	-99999	313.6	14.9	100700	12.8611	0.000e+00	2005	8	28	18
	-99999	-99999	312.4	15.7	100700	12.8611	0.000e+00	2005	8	29	0
	-99999	-99999	311.1	17	100700	12.8611	0.000e+00	2005	8	29	6
	-99999	-99999	309.4	17.7	100800	12.8611	0.000e+00	2005	8	29	12
	-99999	-99999	307.5	18.5	100900	10.2889	0.000e+00	2005	8	29	18
	-99999	-99999	306.8	20.5	101000	10.2889	0.000e+00	2005	8	30	0
	-99999	-99999	306.4	22.1	101000	10.2889	0.000e+00	2005	8	30	6
	-99999	-99999	305.8	24.2	101000	10.2889	0.000e+00	2005	8	30	12
	-99999	-99999	306.4	25.5	101000	12.8611	0.000e+00	2005	8	30	18
	-99999	-99999	307.3	26.9	101000	12.8611	0.000e+00	2005	8	31	0
	-99999	-99999	308.4	28	100700	15.4333	0.000e+00	2005	8	31	6
	-99999	-99999	309.6	29	100600	18.0056	0.000e+00	2005	8	31	12
	-99999	-99999	309.9	30.1	100700	18.0056	0.000e+00	2005	8	31	18
	-99999	-99999	309.7	31.1	100900	15.4333	0.000e+00	2005	9	1	0
	-99999	-99999	308.8	31.9	101000	15.4333	0.000e+00	2005	9	1	6
	-99999	-99999	308.6	31.9	101000	15.4333	0.000e+00	2005	9	1	12
	-99999	-99999	308.5	32.3	101000	15.4333	0.000e+00	2005	9	1	18
	-99999	-99999	308	32.4	101000	12.8611	0.000e+00	2005	9	2	0
	-99999	-99999	307.7	32.6	101000	12.8611	0.000e+00	2005	9	2	6
	-99999	-99999	307.7	33.2	101000	12.8611	0.000e+00	2005	9	2	12
	-99999	-99999	307.3	33.9	101000	12.8611	0.000e+00	2005	9	2	18
	-99999	-99999	306.8	34.7	101000	12.8611	0.000e+00	2005	9	3	0
	-99999	-99999	306.1	35.5	101000	12.8611	0.000e+00	2005	9	3	6
	-99999	-99999	305.8	36.6	101000	12.8611	0.000e+00	2005	9	3	12
	-99999	-99999	306.1	37.4	101000	12.8611	0.000e+00	2005	9	3	18
start	51	2005	9	1	12
	-99999	-99999	314.5	18.8	100800	15.4333	0.000e+00	2005	9	1	12
	-99999	-99999	313.8	19.3	100800	15.4333	0.000e+00	2005	9	1	18
	-99999	-99999	312.8	19.9	100800	15.4333	0.000e+00	2005	9	2	0
	-99999	-99999	311.7	20.5	100800	15.4333	0.000e+00	2005	9	2	6
	-99999	-99999	310.6	21.1	100600	18.0056	0.000e+00	2005	9	2	12
	-99999	-99999	309.8	21.5	100300	20.5778	0.000e+00	2005	9	2	18
	-99999	-99999	309	22	100100	23.15	0.000e+00	2005	9	3	0
	-99999	-99999	308	23	100000	23.15	0.000e+00	2005	9	3	6
	-99999	-99999	306.9	24.4	99700	25.7222	0.000e+00	2005	9	3	12
	-99999	-99999	306	25.5	99400	28.2944	0.000e+00	2005	9	3	18
	-99999	-99999	305.4	26.5	99000	30.8667	0.000e+00	2005	9	4	0
	-99999	-99999	304.9	27.5	98700	33.4389	0.000e+00	2005	9	4	6
	-99999	-99999	304.5	28.6	98700	33.4389	0.000e+00	2005	9	4	12
	-99999	-99999	304	29.6	98000	38.5833	0.000e+00	2005	9	4	18
	-99999	-99999	303.5	30.2	98000	38.5833	0.000e+00	2005	9	5	0
	-99999	-99999	303.2	30.9	97700	41.1556	0.000e+00	2005	9	5	6
	-99999	-99999	303.2	31.5	97500	43.7278	0.000e+00	2005	9	5	12
	-99999	-99999	303.3	32.1	97000	46.3	0.000e+00	2005	9	5	18
	-99999	-99999	303.4	32.6	96200	51.4444	0.000e+00	2005	9	6	0
	-99999	-99999	303.5	33	97000	46.3	0.000e+00	2005	9	6	6
	-99999	-99999	304	33.5	97500	41.1556	0.000e+00	2005	9	6	12
	-99999	-99999	304.6	33.9	98000	38.5833	0.000e+00	2005	9	6	18
	-99999	-99999	305.4	34.4	98700	33.4389	0.000e+00	2005	9	7	0
	-99999	-99999	306.7	34.8	98300	36.0111	0.000e+00	2005	9	7	6
	-99999	-99999	308.2	35.6	98000	38.5833	0.000e+00	2005	9	7	12
	-99999	-99999	309.2	36.5	98000	38.5833	0.000e+00	2005	9	7	18
	-99999	-99999	310.1	37.2	98200	36.0111	0.000e+00	2005	9	8	0
	-99999	-99999	311	37.9	98500	33.4389	0.000e+00	2005	9	8	6
	-99999	-99999	312	38.7	98500	33.4389	0.000e+00	2005	9	8	12
	-99999	-99999	312.8	39.1	98500	33.4389	0.000e+00	2005	9	8	18
	-99999	-99999	313.6	39.4	98700	30.8667	0.000e+00	2005	9	9	0
	-99999	-99999	315.1	39.8	98700	28.2944	0.000e+00	2005	9	9	6
	-99999	-99999	316.6	40.4	98800	28.2944	0.000e+00	2005	9	9	12
	-99999	-99999	317.9	41.1	98800	25.7222	0.000e+00	2005	9	9	18
	-99999	-99999	319.4	41.9	98800	25.7222	0.000e+00	2005	9	10	0
	-99999	-99999	320.8	42.9	98800	25.7222	0.000e+00	2005	9	10	6
	-99999	-99999	322.3	44.5	98000	25.7222	0.000e+00	2005	9	10	12
	-99999	-99999	323.7	46	97500	28.2944	0.000e+00	2005	9	10	18
	-99999	-99999	325	48	97500	30.8667	0.000e+00	2005	9	11	0
	-99999	-99999	326	50	97400	30.8667	0.000e+00	2005	9	11	6
	-99999	-99999	327.1	52	97100	33.4389	0.000e+00	2005	9	11	12
	-99999	-99999	328	54	96800	33.4389	0.000e+00	2005	9	11	18
	-99999	-99999	329	55.5	96200	33.4389	0.000e+00	2005	9	12	0
	-99999	-99999	331	57	96700	33.4389	0.000e+00	2005	9	12	6
	-99999	-99999	334	58.5	97000	33.4389	0.000e+00	2005	9	12	12
	-99999	-99999	337	61	97200	30.8667	0.000e+00	2005	9	12	18
	-99999	-99999	339	62	97400	28.2944	0.000e+00	2005	9	13	0
	-99999	-99999	341	62.9	97600	25.7222	0.000e+00	2005	9	13	6
	-99999	-99999	344	63.5	98000	23.15	0.000e+00	2005	9	13	12
	-99999	-99999	350	63	98300	23.15	0.000e+00	2005	9	13	18
	-99999	-99999	0	63	98400	23.15	0.000e+00	2005	9	14	0
start	68	2005	9	6	6
	-99999	-99999	281.4	25.8	100900	12.8611	0.000e+00	2005	9	6	6
	-99999	-99999	281.7	26.3	101000	12.8611	0.000e+00	2005	9	6	12
	-99999	-99999	281.7	26.8	101000	12.8611	0.000e+00	2005	9	6	18
	-99999	-99999	281.5	27.4	100600	15.4333	0.000e+00	2005	9	7	0
	-99999	-99999	281.2	27.9	100300	18.0056	0.000e+00	2005	9	7	6
	-99999	-99999	280.8	28.7	100000	20.5778	0.000e+00	2005	9	7	12
	-99999	-99999	280.7	28.8	99700	23.15	0.000e+00	2005	9	7	18
	-99999	-99999	280.7	28.8	99400	23.15	0.000e+00	2005	9	8	0
	-99999	-99999	280.4	28.7	99400	25.7222	0.000e+00	2005	9	8	6
	-99999	-99999	280.4	28.6	98800	28.2944	0.000e+00	2005	9	8	12
	-99999	-99999	280.5	28.6	98800	30.8667	0.000e+00	2005	9	8	18
	-99999	-99999	280.7	28.6	99000	33.4389	0.000e+00	2005	9	9	0
	-99999	-99999	280.7	28.9	99000	28.2944	0.000e+00	2005	9	9	6
	-99999	-99999	280.9	29.3	98300	28.2944	0.000e+00	2005	9	9	12
	-99999	-99999	281.5	29.8	98300	33.4389	0.000e+00	2005	9	9	18
	-99999	-99999	282.5	30.2	98300	30.8667	0.000e+00	2005	9	10	0
	-99999	-99999	283.1	30.9	98400	30.8667	0.000e+00	2005	9	10	6
	-99999	-99999	283.4	31.5	97600	33.4389	0.000e+00	2005	9	10	12
	-99999	-99999	283.8	31.7	97700	36.0111	0.000e+00	2005	9	10	18
	-99999	-99999	284.1	31.8	97700	36.0111	0.000e+00	2005	9	11	0
	-99999	-99999	284.1	31.7	97800	38.5833	0.000e+00	2005	9	11	6
	-99999	-99999	284.3	31.6	97800	36.0111	0.000e+00	2005	9	11	12
	-99999	-99999	284.1	31.4	97800	33.4389	0.000e+00	2005	9	11	18
	-99999	-99999	283.8	31.2	98000	30.8667	0.000e+00	2005	9	12	0
	-99999	-99999	283.4	31.2	98500	30.8667	0.000e+00	2005	9	12	6
	-99999	-99999	283.1	31.5	98800	28.2944	0.000e+00	2005	9	12	12
	-99999	-99999	282.7	31.7	98900	30.8667	0.000e+00	2005	9	12	18
	-99999	-99999	282.3	31.8	98900	30.8667	0.000e+00	2005	9	13	0
	-99999	-99999	282.1	31.9	99000	30.8667	0.000e+00	2005	9	13	6
	-99999	-99999	282	32.1	98900	30.8667	0.000e+00	2005	9	13	12
	-99999	-99999	281.9	32.3	98800	30.8667	0.000e+00	2005	9	13	18
	-99999	-99999	281.9	32.6	98500	33.4389	0.000e+00	2005	9	14	0
	-99999	-99999	282	32.9	98000	36.0111	0.000e+00	2005	9	14	6
	-99999	-99999	282.3	33.4	98000	38.5833	0.000e+00	2005	9	14	12
	-99999	-99999	282.5	33.9	97900	38.5833	0.000e+00	2005	9	14	18
	-99999	-99999	283.1	34.2	97900	38.5833	0.000e+00	2005	9	15	0
	-99999	-99999	283.7	34.5	98200	36.0111	0.000e+00	2005	9	15	6
	-99999	-99999	284.2	34.7	98400	33.4389	0.000e+00	2005	9	15	12
	-99999	-99999	284.4	34.7	98600	33.4389	0.000e+00	2005	9	15	18
	-99999	-99999	284.9	34.6	98700	30.8667	0.000e+00	2005	9	16	0
	-99999	-99999	285.2	34.7	99300	28.2944	0.000e+00	2005	9	16	6
	-99999	-99999	285.6	35.4	99500	25.7222	0.000e+00	2005	9	16	12
	-99999	-99999	286.4	36.4	99300	28.2944	0.000e+00	2005	9	16	18
	-99999	-99999	287.3	37.3	99500	28.2944	0.000e+00	2005	9	17	0
	-99999	-99999	288.6	38.7	100000	25.7222	0.000e+00	2005	9	17	6
	-99999	-99999	290.3	40	99700	25.7222	0.000e+00	2005	9	17	12
	-99999	-99999	292.7	41.6	99500	25.7222	0.000e+00	2005	9	17	18
	-99999	-99999	295.1	43.2	99600	23.15	0.000e+00	2005	9	18	0
	-99999	-99999	297.4	44.8	100000	23.15	1.962e+01	2005	9	18	6
	-99999	-99999	300.1	46.2	100000	23.15	1.962e+01	2005	9	18	12
	-99999	-99999	303.8	47.4	99900	23.15	0.000e+00	2005	9	18	18
	-99999	-99999	307.7	48.4	100000	23.15	0.000e+00	2005	9	19	0
	-99999	-99999	311.2	49	100100	23.15	0.000e+00	2005	9	19	6
	-99999	-99999	314.3	49.5	100000	23.15	0.000e+00	2005	9	19	12
	-99999	-99999	317.9	50	99900	23.15	0.000e+00	2005	9	19	18
	-99999	-99999	321.5	50.9	99800	23.15	0.000e+00	2005	9	20	0
	-99999	-99999	325.3	51.5	100000	20.5778	0.000e+00	2005	9	20	6
	-99999	-99999	329.5	52.2	100300	20.5778	0.000e+00	2005	9	20	12
	-99999	-99999	333.5	52.8	100100	20.5778	0.000e+00	2005	9	20	18
	-99999	-99999	338	53.8	99800	20.5778	0.000e+00	2005	9	21	0
	-99999	-99999	342.3	55.3	99800	18.0056	0.000e+00	2005	9	21	6
	-99999	-99999	345.4	57.6	99800	18.0056	0.000e+00	2005	9	21	12
	-99999	-99999	348.1	59.8	99600	18.0056	0.000e+00	2005	9	21	18
	-99999	-99999	351.6	61.7	99300	18.0056	0.000e+00	2005	9	22	0
	-99999	-99999	355.5	63.6	99300	18.0056	0.000e+00	2005	9	22	6
	-99999	-99999	359	65.6	99400	18.0056	0.000e+00	2005	9	22	12
	-99999	-99999	1.9	67.5	99500	15.4333	0.000e+00	2005	9	22	18
	-99999	-99999	6.6	68.8	99700	15.4333	0.000e+00	2005	9	23	0
start	29	2005	9	5	18
	-99999	-99999	293	28.4	100800	15.4333	0.000e+00	2005	9	5	18
	-99999	-99999	293.4	28.4	100500	18.0056	0.000e+00	2005	9	6	0
	-99999	-99999	293.5	28.5	100200	20.5778	0.000e+00	2005	9	6	6
	-99999	-99999	293.5	28.5	100000	25.7222	0.000e+00	2005	9	6	12
	-99999	-99999	293.6	28.6	99700	25.7222	0.000e+00	2005	9	6	18
	-99999	-99999	293.7	28.7	99400	28.2944	0.000e+00	2005	9	7	0
	-99999	-99999	293.7	28.7	99000	30.8667	0.000e+00	2005	9	7	6
	-99999	-99999	293.8	28.9	98700	33.4389	0.000e+00	2005	9	7	12
	-99999	-99999	294	29.3	98500	36.0111	0.000e+00	2005	9	7	18
	-99999	-99999	294.3	29.6	98400	38.5833	0.000e+00	2005	9	8	0
	-99999	-99999	295	30	98200	38.5833	0.000e+00	2005	9	8	6
	-99999	-99999	296.2	30.5	98200	38.5833	0.000e+00	2005	9	8	12
	-99999	-99999	297.3	31.4	98200	38.5833	0.000e+00	2005	9	8	18
	-99999	-99999	298.9	32.6	97900	41.1556	0.000e+00	2005	9	9	0
	-99999	-99999	300.9	33.4	98500	36.0111	0.000e+00	2005	9	9	6
	-99999	-99999	304.2	34	98600	33.4389	0.000e+00	2005	9	9	12
	-99999	-99999	306.6	34.5	99100	28.2944	0.000e+00	2005	9	9	18
	-99999	-99999	309.2	34.7	99700	28.2944	0.000e+00	2005	9	10	0
	-99999	-99999	311	34.6	99700	23.15	0.000e+00	2005	9	10	6
	-99999	-99999	314.1	34.5	99700	23.15	0.000e+00	2005	9	10	12
	-99999	-99999	315.9	34.9	99700	23.15	0.000e+00	2005	9	10	18
	-99999	-99999	317.9	35.2	99900	20.5778	0.000e+00	2005	9	11	0
	-99999	-99999	319.4	36	100000	20.5778	0.000e+00	2005	9	11	6
	-99999	-99999	321.7	37.4	100100	20.5778	0.000e+00	2005	9	11	12
	-99999	-99999	324.4	39.2	100100	20.5778	0.000e+00	2005	9	11	18
	-99999	-99999	326.7	41.6	100200	20.5778	0.000e+00	2005	9	12	0
	-99999	-99999	328	43.5	100200	18.0056	0.000e+00	2005	9	12	6
	-99999	-99999	331.9	44	100300	18.0056	0.000e+00	2005	9	12	12
	-99999	-99999	335	46	100300	18.0056	0.000e+00	2005	9	12	18
start	28	2005	9	17	12
	-99999	-99999	305.5	13.3	100800	15.4333	0.000e+00	2005	9	17	12
	-99999	-99999	305.1	13.5	100700	18.0056	0.000e+00	2005	9	17	18
	-99999	-99999	304.9	13.9	100300	20.5778	0.000e+00	2005	9	18	0
	-99999	-99999	304.7	14.4	100000	23.15	0.000e+00	2005	9	18	6
	-99999	-99999	304.5	14.9	99600	25.7222	0.000e+00	2005	9	18	12
	-99999	-99999	304.3	15.6	99300	28.2944	0.000e+00	2005	9	18	18
	-99999	-99999	304.2	16.2	98700	33.4389	0.000e+00	2005	9	19	0
	-99999	-99999	304.1	16.7	98700	33.4389	0.000e+00	2005	9	19	6
	-99999	-99999	303.8	17.2	98700	33.4389	0.000e+00	2005	9	19	12
	-99999	-99999	303.6	17.5	98700	33.4389	0.000e+00	2005	9	19	18
	-99999	-99999	303.4	17.7	98500	36.0111	0.000e+00	2005	9	20	0
	-99999	-99999	303.2	17.9	98700	33.4389	0.000e+00	2005	9	20	6
	-99999	-99999	303	18.1	99000	30.8667	0.000e+00	2005	9	20	12
	-99999	-99999	302.8	18.5	99200	28.2944	0.000e+00	2005	9	20	18
	-99999	-99999	302.8	18.9	99400	28.2944	0.000e+00	2005	9	21	0
	-99999	-99999	302.9	19.4	99700	25.7222	0.000e+00	2005	9	21	6
	-99999	-99999	303	19.9	100000	23.15	0.000e+00	2005	9	21	12
	-99999	-99999	303.1	20.8	100100	20.5778	0.000e+00	2005	9	21	18
	-99999	-99999	303.3	22.4	100200	18.0056	0.000e+00	2005	9	22	0
	-99999	-99999	303.2	23.8	100300	18.0056	0.000e+00	2005	9	22	6
	-99999	-99999	302.8	25.2	100300	18.0056	0.000e+00	2005	9	22	12
	-99999	-99999	302.4	26.7	100300	18.0056	0.000e+00	2005	9	22	18
	-99999	-99999	301.8	28.3	100300	18.0056	0.000e+00	2005	9	23	0
	-99999	-99999	299.9	30.2	100300	18.0056	0.000e+00	2005	9	23	6
	-99999	-99999	297.8	30.5	100300	15.4333	0.000e+00	2005	9	23	12
	-99999	-99999	296.3	30.2	100300	15.4333	0.000e+00	2005	9	23	18
	-99999	-99999	296.2	29.2	100300	15.4333	0.000e+00	2005	9	24	0
	-99999	-99999	297.2	28.6	100400	12.8611	0.000e+00	2005	9	24	6
start	34	2005	9	18	0
	-99999	-99999	290.1	21.3	100900	12.8611	0.000e+00	2005	9	18	0
	-99999	-99999	289.3	21.6	100900	12.8611	0.000e+00	2005	9	18	6
	-99999	-99999	288.5	21.9	100700	15.4333	0.000e+00	2005	9	18	12
	-99999	-99999	287.7	22.2	100500	18.0056	0.000e+00	2005	9	18	18
	-99999	-99999	287	22.4	100200	23.15	3.924e+01	2005	9	19	0
	-99999	-99999	286.2	22.6	99900	25.7222	0.000e+00	2005	9	19	6
	-99999	-99999	285.3	22.8	99700	28.2944	0.000e+00	2005	9	19	12
	-99999	-99999	284.1	23.1	99400	30.8667	0.000e+00	2005	9	19	18
	-99999	-99999	282.8	23.3	99200	30.8667	0.000e+00	2005	9	20	0
	-99999	-99999	281.2	23.5	99000	30.8667	0.000e+00	2005	9	20	6
	-99999	-99999	279.7	23.7	98500	36.0111	0.000e+00	2005	9	20	12
	-99999	-99999	278.4	23.9	97500	43.7278	0.000e+00	2005	9	20	18
	-99999	-99999	277.3	24.1	96700	48.8722	0.000e+00	2005	9	21	0
	-99999	-99999	276	24.2	95500	56.5889	0.000e+00	2005	9	21	6
	-99999	-99999	274.8	24.2	94100	61.7333	0.000e+00	2005	9	21	12
	-99999	-99999	273.8	24.3	92000	74.5944	0.000e+00	2005	9	21	18
	-99999	-99999	273.1	24.5	89700	77.1667	0.000e+00	2005	9	22	0
	-99999	-99999	272.4	24.8	89700	79.7389	0.000e+00	2005	9	22	6
	-99999	-99999	271.7	25.2	90800	72.0222	0.000e+00	2005	9	22	12
	-99999	-99999	270.9	25.6	91300	64.3056	0.000e+00	2005	9	22	18
	-99999	-99999	270.1	26	91500	61.7333	0.000e+00	2005	9	23	0
	-99999	-99999	269.3	26.5	92400	59.1611	0.000e+00	2005	9	23	6
	-99999	-99999	268.5	27.1	92700	59.1611	0.000e+00	2005	9	23	12
	-99999	-99999	267.7	27.8	93000	56.5889	0.000e+00	2005	9	23	18
	-99999	-99999	267	28.6	93100	54.0167	0.000e+00	2005	9	24	0
	-99999	-99999	266.4	29.4	93500	51.4444	0.000e+00	2005	9	24	6
	-99999	-99999	265.9	30.5	94900	33.4389	1.373e+02	2005	9	24	12
	-99999	-99999	265.9	31.6	97400	23.15	1.158e+03	2005	9	24	18
	-99999	-99999	266	32.7	98200	18.0056	5.297e+02	2005	9	25	0
	-99999	-99999	266.4	33.7	98900	15.4333	9.418e+02	2005	9	25	6
	-99999	-99999	267.5	34.7	99500	12.8611	1.511e+03	2005	9	25	12
	-99999	-99999	268.6	35.8	100000	12.8611	9.614e+02	2005	9	25	18
	-99999	-99999	269.9	37	100300	10.2889	1.158e+03	2005	9	26	0
	-99999	-99999	272	39.5	100600	10.2889	2.178e+03	2005	9	26	6
start	9	2005	9	30	12
	-99999	-99999	327.3	11.8	100900	12.8611	0.000e+00	2005	9	30	12
	-99999	-99999	327	12.2	100700	15.4333	0.000e+00	2005	9	30	18
	-99999	-99999	326.7	12.7	100600	15.4333	0.000e+00	2005	10	1	0
	-99999	-99999	326.5	13.3	100800	15.4333	0.000e+00	2005	10	1	6
	-99999	-99999	326.3	13.8	100800	15.4333	0.000e+00	2005	10	1	12
	-99999	-99999	326.1	14.4	100800	15.4333	0.000e+00	2005	10	1	18
	-99999	-99999	326.2	15	100800	15.4333	0.000e+00	2005	10	2	0
	-99999	-99999	325.7	15.7	100800	12.8611	0.000e+00	2005	10	2	6
	-99999	-99999	324.7	16.6	100900	12.8611	0.000e+00	2005	10	2	12
start	16	2005	10	1	12
	-99999	-99999	274.4	18.9	100700	12.8611	0.000e+00	2005	10	1	12
	-99999	-99999	273.8	19.1	100500	15.4333	0.000e+00	2005	10	1	18
	-99999	-99999	273.3	19.3	100400	15.4333	0.000e+00	2005	10	2	0
	-99999	-99999	272.8	19.5	100300	20.5778	0.000e+00	2005	10	2	6
	-99999	-99999	272.1	19.8	100300	18.0056	1.766e+02	2005	10	2	12
	-99999	-99999	271.2	20.3	100400	18.0056	3.532e+02	2005	10	2	18
	-99999	-99999	270.2	20.5	100300	15.4333	5.494e+02	2005	10	3	0
	-99999	-99999	269	20.5	100300	18.0056	0.000e+00	2005	10	3	6
	-99999	-99999	268.3	20.3	100000	20.5778	0.000e+00	2005	10	3	12
	-99999	-99999	267.8	20.1	99700	25.7222	0.000e+00	2005	10	3	18
	-99999	-99999	266.8	19.8	99000	28.2944	0.000e+00	2005	10	4	0
	-99999	-99999	265.9	19.2	98700	33.4389	0.000e+00	2005	10	4	6
	-99999	-99999	265.1	18.6	97700	36.0111	0.000e+00	2005	10	4	12
	-99999	-99999	264.4	17.9	98800	23.15	9.614e+02	2005	10	4	18
	-99999	-99999	263.6	17.2	100000	15.4333	2.794e+04	2005	10	5	0
	-99999	-99999	263	16.9	100400	12.8611	2.761e+04	2005	10	5	6
start	7	2005	10	4	0
	-99999	-99999	328.2	33.8	101200	15.4333	0.000e+00	2005	10	4	0
	-99999	-99999	329.8	34.8	100900	15.4333	0.000e+00	2005	10	4	6
	-99999	-99999	331.5	35.9	100400	18.0056	0.000e+00	2005	10	4	12
	-99999	-99999	333.3	37.1	99700	23.15	0.000e+00	2005	10	4	18
	-99999	-99999	335	38.8	99700	23.15	0.000e+00	2005	10	5	0
	-99999	-99999	336.7	41	100000	20.5778	0.000e+00	2005	10	5	6
	-99999	-99999	337	43.6	100200	20.5778	0.000e+00	2005	10	5	12
start	8	2005	10	5	6
	-99999	-99999	280.3	27.3	100600	18.0056	0.000e+00	2005	10	5	6
	-99999	-99999	279.8	28.3	100400	20.5778	0.000e+00	2005	10	5	12
	-99999	-99999	279.1	29.5	100100	23.15	0.000e+00	2005	10	5	18
	-99999	-99999	278.4	30.5	100200	23.15	9.810e+01	2005	10	6	0
	-99999	-99999	277.2	31.3	100500	18.0056	6.082e+02	2005	10	6	6
	-99999	-99999	275.4	31.8	100500	12.8611	9.221e+02	2005	10	6	12
	-99999	-99999	274.2	31.2	100600	7.71667	6.278e+02	2005	10	6	18
	-99999	-99999	274.4	30.3	100500	5.14444	3.924e+01	2005	10	7	0
start	27	2005	10	8	6
	-99999	-99999	302.6	26.1	100900	15.4333	0.000e+00	2005	10	8	6
	-99999	-99999	301.5	27.7	100800	15.4333	0.000e+00	2005	10	8	12
	-99999	-99999	299.9	28.8	100900	15.4333	0.000e+00	2005	10	8	18
	-99999	-99999	298	29.3	100900	12.8611	0.000e+00	2005	10	9	0
	-99999	-99999	296.7	29.3	100900	12.8611	0.000e+00	2005	10	9	6
	-99999	-99999	295.5	29.5	100900	12.8611	0.000e+00	2005	10	9	12
	-99999	-99999	294.8	30	100900	12.8611	0.000e+00	2005	10	9	18
	-99999	-99999	294	30.7	100900	12.8611	0.000e+00	2005	10	10	0
	-99999	-99999	292.5	31.6	100900	12.8611	0.000e+00	2005	10	10	6
	-99999	-99999	291.1	32.5	100900	15.4333	0.000e+00	2005	10	10	12
	-99999	-99999	290	33.5	100800	15.4333	0.000e+00	2005	10	10	18
	-99999	-99999	289	34.3	100800	15.4333	0.000e+00	2005	10	11	0
	-99999	-99999	288.3	35.5	100800	15.4333	0.000e+00	2005	10	11	6
	-99999	-99999	288.2	36.7	100800	15.4333	0.000e+00	2005	10	11	12
	-99999	-99999	288.3	37.8	100800	15.4333	0.000e+00	2005	10	11	18
	-99999	-99999	288.1	38.5	100900	15.4333	0.000e+00	2005	10	12	0
	-99999	-99999	287.6	38.8	101000	15.4333	0.000e+00	2005	10	12	6
	-99999	-99999	287	38.9	101100	18.0056	0.000e+00	2005	10	12	12
	-99999	-99999	286.5	38.7	101100	20.5778	0.000e+00	2005	10	12	18
	-99999	-99999	286.5	38.3	101000	20.5778	0.000e+00	2005	10	13	0
	-99999	-99999	286.5	37.7	101000	20.5778	0.000e+00	2005	10	13	6
	-99999	-99999	287	37.2	100800	20.5778	0.000e+00	2005	10	13	12
	-99999	-99999	287	37.8	100600	20.5778	0.000e+00	2005	10	13	18
	-99999	-99999	286.6	38	100600	20.5778	0.000e+00	2005	10	14	0
	-99999	-99999	286.2	37.6	100500	20.5778	0.000e+00	2005	10	14	6
	-99999	-99999	286.2	38.6	100500	18.0056	0.000e+00	2005	10	14	12
	-99999	-99999	286.2	39.6	100500	15.4333	0.000e+00	2005	10	14	18
start	14	2005	10	8	6
	-99999	-99999	339.4	32.9	100100	20.5778	0.000e+00	2005	10	8	6
	-99999	-99999	339.7	33	100000	23.15	0.000e+00	2005	10	8	12
	-99999	-99999	339.9	33.1	100000	23.15	0.000e+00	2005	10	8	18
	-99999	-99999	340	33.2	99900	23.15	0.000e+00	2005	10	9	0
	-99999	-99999	340.4	33.4	99800	25.7222	0.000e+00	2005	10	9	6
	-99999	-99999	340.7	33.8	99500	28.2944	0.000e+00	2005	10	9	12
	-99999	-99999	341.1	34.1	98800	33.4389	0.000e+00	2005	10	9	18
	-99999	-99999	341.7	34.3	99000	30.8667	0.000e+00	2005	10	10	0
	-99999	-99999	342.8	34.5	99200	25.7222	0.000e+00	2005	10	10	6
	-99999	-99999	344.7	34.7	99500	23.15	0.000e+00	2005	10	10	12
	-99999	-99999	347.2	35.4	99800	18.0056	0.000e+00	2005	10	10	18
	-99999	-99999	349.5	36.1	100000	15.4333	0.000e+00	2005	10	11	0
	-99999	-99999	351.7	36.7	100200	15.4333	0.000e+00	2005	10	11	6
	-99999	-99999	354	37.7	100300	15.4333	2.865e+03	2005	10	11	12
start	45	2005	10	15	18
	-99999	-99999	281.5	17.6	100400	12.8611	0.000e+00	2005	10	15	18
	-99999	-99999	281.2	17.6	100400	12.8611	0.000e+00	2005	10	16	0
	-99999	-99999	281	17.5	100300	15.4333	0.000e+00	2005	10	16	6
	-99999	-99999	280.8	17.5	100300	15.4333	0.000e+00	2005	10	16	12
	-99999	-99999	280.6	17.5	100200	15.4333	0.000e+00	2005	10	16	18
	-99999	-99999	280.4	17.4	100100	15.4333	0.000e+00	2005	10	17	0
	-99999	-99999	280.4	16.9	100000	18.0056	0.000e+00	2005	10	17	6
	-99999	-99999	280.3	16.3	99900	20.5778	0.000e+00	2005	10	17	12
	-99999	-99999	280.2	16	99700	23.15	0.000e+00	2005	10	17	18
	-99999	-99999	280.1	15.8	98800	28.2944	0.000e+00	2005	10	18	0
	-99999	-99999	280.1	15.7	98200	30.8667	0.000e+00	2005	10	18	6
	-99999	-99999	279.7	16.2	97900	33.4389	0.000e+00	2005	10	18	12
	-99999	-99999	278.9	16.6	97500	38.5833	0.000e+00	2005	10	18	18
	-99999	-99999	278.2	16.6	94600	66.8778	0.000e+00	2005	10	19	0
	-99999	-99999	277.8	17	89200	77.1667	0.000e+00	2005	10	19	6
	-99999	-99999	277.2	17.3	88200	82.3111	0.000e+00	2005	10	19	12
	-99999	-99999	276.6	17.4	89200	72.0222	0.000e+00	2005	10	19	18
	-99999	-99999	276	17.9	89200	69.45	0.000e+00	2005	10	20	0
	-99999	-99999	275.3	18.1	90100	66.8778	0.000e+00	2005	10	20	6
	-99999	-99999	274.8	18.3	91000	66.8778	0.000e+00	2005	10	20	12
	-99999	-99999	274.5	18.6	91700	66.8778	0.000e+00	2005	10	20	18
	-99999	-99999	274.2	19.1	92400	66.8778	0.000e+00	2005	10	21	0
	-99999	-99999	273.9	19.5	93000	66.8778	0.000e+00	2005	10	21	6
	-99999	-99999	273.6	20.1	92900	64.3056	0.000e+00	2005	10	21	12
	-99999	-99999	273.3	20.3	92600	61.7333	0.000e+00	2005	10	21	18
	-99999	-99999	273.2	20.6	93000	61.7333	0.000e+00	2005	10	22	0
	-99999	-99999	273	20.8	93500	56.5889	3.924e+01	2005	10	22	6
	-99999	-99999	272.9	21	94700	51.4444	5.886e+01	2005	10	22	12
	-99999	-99999	272.9	21.3	95800	43.7278	3.924e+01	2005	10	22	18
	-99999	-99999	273	21.6	96000	43.7278	0.000e+00	2005	10	23	0
	-99999	-99999	273.2	21.8	96200	43.7278	0.000e+00	2005	10	23	6
	-99999	-99999	273.9	22.4	96100	43.7278	0.000e+00	2005	10	23	12
	-99999	-99999	274.6	23.1	96300	46.3	0.000e+00	2005	10	23	18
	-99999	-99999	275.7	24	95800	48.8722	0.000e+00	2005	10	24	0
	-99999	-99999	276.9	25	95300	56.5889	0.000e+00	2005	10	24	6
	-99999	-99999	279	26.2	95000	48.8722	5.886e+01	2005	10	24	12
	-99999	-99999	281.2	28	95500	54.0167	0.000e+00	2005	10	24	18
	-99999	-99999	284	30.1	95500	56.5889	0.000e+00	2005	10	25	0
	-99999	-99999	288	33.3	96300	51.4444	0.000e+00	2005	10	25	6
	-99999	-99999	292.1	36.8	97000	46.3	0.000e+00	2005	10	25	12
	-99999	-99999	296.5	40.5	97600	38.5833	0.000e+00	2005	10	25	18
	-99999	-99999	300	42.5	97800	30.8667	0.000e+00	2005	10	26	0
	-99999	-99999	302.5	44	98200	28.2944	0.000e+00	2005	10	26	6
	-99999	-99999	305	45	98600	25.7222	0.000e+00	2005	10	26	12
	-99999	-99999	308	45.5	99000	20.5778	0.000e+00	2005	10	26	18
start	10	2005	10	22	12
	-99999	-99999	292.5	15.8	100700	15.4333	0.000e+00	2005	10	22	12
	-99999	-99999	291.5	16.5	100500	18.0056	0.000e+00	2005	10	22	18
	-99999	-99999	290.4	17.3	100000	23.15	0.000e+00	2005	10	23	0
	-99999	-99999	289.5	17.8	99800	23.15	0.000e+00	2005	10	23	6
	-99999	-99999	287.8	18.6	100200	18.0056	5.297e+02	2005	10	23	12
	-99999	-99999	287.3	19.8	100400	15.4333	4.552e+03	2005	10	23	18
	-99999	-99999	287.1	21.6	100400	15.4333	0.000e+00	2005	10	24	0
	-99999	-99999	287	23.5	100400	15.4333	0.000e+00	2005	10	24	6
	-99999	-99999	287.6	25.1	100400	15.4333	0.000e+00	2005	10	24	12
	-99999	-99999	289.2	27.9	100400	15.4333	0.000e+00	2005	10	24	18
start	18	2005	10	26	18
	-99999	-99999	279.1	10.4	100700	15.4333	0.000e+00	2005	10	26	18
	-99999	-99999	278.9	10.7	100700	15.4333	0.000e+00	2005	10	27	0
	-99999	-99999	278.7	11	100500	18.0056	0.000e+00	2005	10	27	6
	-99999	-99999	278.7	11.3	100000	23.15	0.000e+00	2005	10	27	12
	-99999	-99999	278.7	11.6	99700	25.7222	0.000e+00	2005	10	27	18
	-99999	-99999	278.8	11.9	99500	25.7222	0.000e+00	2005	10	28	0
	-99999	-99999	278.9	12.3	99400	25.7222	0.000e+00	2005	10	28	6
	-99999	-99999	279	12.8	99300	25.7222	0.000e+00	2005	10	28	12
	-99999	-99999	278.9	13.2	99100	25.7222	0.000e+00	2005	10	28	18
	-99999	-99999	278.8	13.4	98800	30.8667	0.000e+00	2005	10	29	0
	-99999	-99999	278.6	13.6	98500	36.0111	0.000e+00	2005	10	29	6
	-99999	-99999	278.4	13.7	98200	38.5833	0.000e+00	2005	10	29	12
	-99999	-99999	277.9	13.7	98000	38.5833	0.000e+00	2005	10	29	18
	-99999	-99999	277.4	13.6	97000	46.3	0.000e+00	2005	10	30	0
	-99999	-99999	276.9	13.3	96200	51.4444	0.000e+00	2005	10	30	6
	-99999	-99999	276.5	12.9	97000	46.3	0.000e+00	2005	10	30	12
	-99999	-99999	275.9	12.7	99000	28.2944	8.240e+02	2005	10	30	18
	-99999	-99999	275.1	12.7	100000	10.2889	2.786e+03	2005	10	31	0
start	33	2005	11	14	0
	-99999	-99999	297.9	13.2	100700	15.4333	0.000e+00	2005	11	14	0
	-99999	-99999	297.2	13.6	100600	15.4333	0.000e+00	2005	11	14	6
	-99999	-99999	296.6	13.8	100600	15.4333	0.000e+00	2005	11	14	12
	-99999	-99999	295.8	14.1	100500	15.4333	0.000e+00	2005	11	14	18
	-99999	-99999	295	14.2	100400	15.4333	0.000e+00	2005	11	15	0
	-99999	-99999	294	14.3	100400	18.0056	0.000e+00	2005	11	15	6
	-99999	-99999	292.9	14.4	100400	18.0056	0.000e+00	2005	11	15	12
	-99999	-99999	291.6	14.7	100500	15.4333	0.000e+00	2005	11	15	18
	-99999	-99999	290.1	14.8	100600	15.4333	0.000e+00	2005	11	16	0
	-99999	-99999	288.5	14.8	100600	15.4333	0.000e+00	2005	11	16	6
	-99999	-99999	286.9	14.7	100600	12.8611	0.000e+00	2005	11	16	12
	-99999	-99999	284.6	14.8	100600	12.8611	0.000e+00	2005	11	16	18
	-99999	-99999	282.4	15	100700	12.8611	0.000e+00	2005	11	17	0
	-99999	-99999	280.3	15.3	100800	12.8611	0.000e+00	2005	11	17	6
	-99999	-99999	278.3	15.6	100700	15.4333	0.000e+00	2005	11	17	12
	-99999	-99999	276.9	15.8	100700	15.4333	0.000e+00	2005	11	17	18
	-99999	-99999	275.9	15.8	100700	15.4333	0.000e+00	2005	11	18	0
	-99999	-99999	275.2	15.7	100600	15.4333	5.886e+02	2005	11	18	6
	-99999	-99999	274.5	15.5	100600	15.4333	5.376e+03	2005	11	18	12
	-99999	-99999	274.4	15.7	100600	18.0056	3.100e+03	2005	11	18	18
	-99999	-99999	274.4	16	100500	20.5778	0.000e+00	2005	11	19	0
	-99999	-99999	274.4	16.1	100400	20.5778	0.000e+00	2005	11	19	6
	-99999	-99999	274.6	16.1	100200	23.15	0.000e+00	2005	11	19	12
	-99999	-99999	274.8	16.2	100400	20.5778	0.000e+00	2005	11	19	18
	-99999	-99999	275	16.4	100500	20.5778	0.000e+00	2005	11	20	0
	-99999	-99999	275	16.6	100600	18.0056	0.000e+00	2005	11	20	6
	-99999	-99999	274.8	16.7	100700	15.4333	0.000e+00	2005	11	20	12
	-99999	-99999	274.5	16.9	100700	15.4333	0.000e+00	2005	11	20	18
	-99999	-99999	274.5	17.1	100800	12.8611	0.000e+00	2005	11	21	0
	-99999	-99999	274.8	17	100800	12.8611	0.000e+00	2005	11	21	6
	-99999	-99999	275.2	16.7	100800	12.8611	0.000e+00	2005	11	21	12
	-99999	-99999	275.7	16.4	100900	12.8611	0.000e+00	2005	11	21	18
	-99999	-99999	276.5	15.4	100900	12.8611	0.000e+00	2005	11	22	0
start	42	2005	11	19	12
	-99999	-99999	312	27	101000	12.8611	0.000e+00	2005	11	19	12
	-99999	-99999	312.5	26.7	100900	12.8611	0.000e+00	2005	11	19	18
	-99999	-99999	313.3	26.7	100800	12.8611	0.000e+00	2005	11	20	0
	-99999	-99999	314.1	27.2	100800	12.8611	0.000e+00	2005	11	20	6
	-99999	-99999	315.2	27.7	100700	15.4333	0.000e+00	2005	11	20	12
	-99999	-99999	316.5	28	100300	18.0056	0.000e+00	2005	11	20	18
	-99999	-99999	317.8	28.3	100000	18.0056	0.000e+00	2005	11	21	0
	-99999	-99999	318.9	29	99800	18.0056	0.000e+00	2005	11	21	6
	-99999	-99999	319.9	29.9	99600	18.0056	0.000e+00	2005	11	21	12
	-99999	-99999	320.4	30.9	99400	20.5778	0.000e+00	2005	11	21	18
	-99999	-99999	319.9	31.5	99200	20.5778	0.000e+00	2005	11	22	0
	-99999	-99999	320.1	31.4	99000	23.15	0.000e+00	2005	11	22	6
	-99999	-99999	320.2	31.2	98800	23.15	0.000e+00	2005	11	22	12
	-99999	-99999	319.5	30.7	98600	23.15	0.000e+00	2005	11	22	18
	-99999	-99999	319.1	29.9	98400	23.15	0.000e+00	2005	11	23	0
	-99999	-99999	318.7	28.8	98300	23.15	0.000e+00	2005	11	23	6
	-99999	-99999	318.8	27.4	98300	25.7222	0.000e+00	2005	11	23	12
	-99999	-99999	319.2	26.4	98300	25.7222	0.000e+00	2005	11	23	18
	-99999	-99999	319.8	25.5	98200	28.2944	0.000e+00	2005	11	24	0
	-99999	-99999	320.4	25	98100	28.2944	0.000e+00	2005	11	24	6
	-99999	-99999	321	24.8	98000	30.8667	0.000e+00	2005	11	24	12
	-99999	-99999	321.1	24.6	98000	30.8667	0.000e+00	2005	11	24	18
	-99999	-99999	321	24.1	98000	30.8667	0.000e+00	2005	11	25	0
	-99999	-99999	320.7	23.8	98200	28.2944	0.000e+00	2005	11	25	6
	-99999	-99999	320.4	23.3	98200	28.2944	0.000e+00	2005	11	25	12
	-99999	-99999	320.2	22.8	98500	25.7222	0.000e+00	2005	11	25	18
	-99999	-99999	320.2	22.3	98900	23.15	0.000e+00	2005	11	26	0
	-99999	-99999	320.6	21.8	99300	20.5778	0.000e+00	2005	11	26	6
	-99999	-99999	321.6	22	99700	18.0056	0.000e+00	2005	11	26	12
	-99999	-99999	322.7	22.6	99700	18.0056	0.000e+00	2005	11	26	18
	-99999	-99999	324.2	23.5	99800	18.0056	0.000e+00	2005	11	27	0
	-99999	-99999	326	24.8	99300	23.15	0.000e+00	2005	11	27	6
	-99999	-99999	328.1	26.7	98200	30.8667	0.000e+00	2005	11	27	12
	-99999	-99999	330.1	28.3	98200	30.8667	0.000e+00	2005	11	27	18
	-99999	-99999	332.5	29.1	98300	30.8667	0.000e+00	2005	11	28	0
	-99999	-99999	335.2	29.9	98400	30.8667	0.000e+00	2005	11	28	6
	-99999	-99999	338.4	30.2	98500	30.8667	0.000e+00	2005	11	28	12
	-99999	-99999	341.8	30.2	98600	30.8667	0.000e+00	2005	11	28	18
	-99999	-99999	345.4	30.2	98800	28.2944	0.000e+00	2005	11	29	0
	-99999	-99999	349.1	30.7	99200	25.7222	0.000e+00	2005	11	29	6
	-99999	-99999	353.4	32.6	100000	18.0056	4.630e+03	2005	11	29	12
	-99999	-99999	359	35.3	100300	15.4333	2.237e+03	2005	11	29	18
start	43	2005	11	29	6
	-99999	-99999	310.8	31.5	99300	23.15	0.000e+00	2005	11	29	6
	-99999	-99999	310	31.6	99300	23.15	0.000e+00	2005	11	29	12
	-99999	-99999	309.2	31.4	99300	23.15	0.000e+00	2005	11	29	18
	-99999	-99999	308.5	31.4	99300	23.15	0.000e+00	2005	11	30	0
	-99999	-99999	307.5	31.1	99200	25.7222	0.000e+00	2005	11	30	6
	-99999	-99999	306.5	30.8	99100	28.2944	0.000e+00	2005	11	30	12
	-99999	-99999	305.8	30.1	99100	25.7222	0.000e+00	2005	11	30	18
	-99999	-99999	306.2	29.7	99200	25.7222	0.000e+00	2005	12	1	0
	-99999	-99999	307.3	30	99200	25.7222	0.000e+00	2005	12	1	6
	-99999	-99999	308.1	30.8	99200	25.7222	0.000e+00	2005	12	1	12
	-99999	-99999	308.7	31.4	99100	28.2944	0.000e+00	2005	12	1	18
	-99999	-99999	309.4	31.9	99100	28.2944	0.000e+00	2005	12	2	0
	-99999	-99999	310.2	32.5	99000	28.2944	0.000e+00	2005	12	2	6
	-99999	-99999	311.1	33.2	98900	30.8667	0.000e+00	2005	12	2	12
	-99999	-99999	312.1	33.9	98700	33.4389	0.000e+00	2005	12	2	18
	-99999	-99999	312.9	34.3	98700	33.4389	0.000e+00	2005	12	3	0
	-99999	-99999	313.8	34.5	98700	33.4389	0.000e+00	2005	12	3	6
	-99999	-99999	315	34.5	98700	33.4389	0.000e+00	2005	12	3	12
	-99999	-99999	316.3	34.5	98700	33.4389	0.000e+00	2005	12	3	18
	-99999	-99999	317.7	34.3	98700	33.4389	0.000e+00	2005	12	4	0
	-99999	-99999	318.9	34.4	98700	33.4389	0.000e+00	2005	12	4	6
	-99999	-99999	320.2	34.3	98400	36.0111	0.000e+00	2005	12	4	12
	-99999	-99999	321.2	34.3	98500	36.0111	0.000e+00	2005	12	4	18
	-99999	-99999	322.2	34.2	98500	36.0111	0.000e+00	2005	12	5	0
	-99999	-99999	323.3	34	98100	38.5833	0.000e+00	2005	12	5	6
	-99999	-99999	324.5	33.8	98100	38.5833	0.000e+00	2005	12	5	12
	-99999	-99999	325.4	33.7	98500	36.0111	0.000e+00	2005	12	5	18
	-99999	-99999	326.2	33.4	98600	33.4389	0.000e+00	2005	12	6	0
	-99999	-99999	326.3	33.1	98600	33.4389	0.000e+00	2005	12	6	6
	-99999	-99999	326.3	32.3	98700	33.4389	0.000e+00	2005	12	6	12
	-99999	-99999	325.8	31.6	98700	33.4389	0.000e+00	2005	12	6	18
	-99999	-99999	325.1	30.8	98700	33.4389	0.000e+00	2005	12	7	0
	-99999	-99999	324	30.1	98700	33.4389	0.000e+00	2005	12	7	6
	-99999	-99999	322.9	29.4	98700	33.4389	0.000e+00	2005	12	7	12
	-99999	-99999	321.9	28.7	99100	30.8667	0.000e+00	2005	12	7	18
	-99999	-99999	321.2	28.2	99700	25.7222	0.000e+00	2005	12	8	0
	-99999	-99999	320.7	27.4	100300	18.0056	0.000e+00	2005	12	8	6
	-99999	-99999	320	26.5	100500	15.4333	0.000e+00	2005	12	8	12
	-99999	-99999	319.5	25.9	100600	15.4333	0.000e+00	2005	12	8	18
	-99999	-99999	319.4	25.5	100700	15.4333	0.000e+00	2005	12	9	0
	-99999	-99999	319.6	25.1	100800	12.8611	0.000e+00	2005	12	9	6
	-99999	-99999	319.9	24.7	100900	12.8611	0.000e+00	2005	12	9	12
	-99999	-99999	320.8	24.7	100900	12.8611	0.000e+00	2005	12	9	18
start	8	2005	12	30	0
	-99999	-99999	324.4	23.9	100900	15.4333	0.000e+00	2005	12	30	0
	-99999	-99999	323.9	24.2	100500	20.5778	0.000e+00	2005	12	30	6
	-99999	-99999	323.4	24.7	100200	23.15	0.000e+00	2005	12	30	12
	-99999	-99999	323	25.2	100000	23.15	0.000e+00	2005	12	30	18
	-99999	-99999	322.7	25.6	100000	23.15	0.000e+00	2005	12	31	0
	-99999	-99999	322.4	25.7	99700	25.7222	0.000e+00	2005	12	31	6
	-99999	-99999	322.1	25.7	99700	25.7222	0.000e+00	2005	12	31	12
	-99999	-99999	321.9	25.7	100000	23.15	0.000e+00	2005	12	31	18
