2013080100
2013080200
2013080300
2013080400
2013080500
2013080600
2013080700
2013080800
2013080900
2013081000
2013081100
2013081200
2013081300
2013081400
2013081600
2013081700
2013081800
2013081900
2013082000
2013082100
2013082200
2013082300
2013082400
2013082500
2013082600
2013082700
2013082800
2013082900
2013083000
2013083100
2013090100
2013090200
2013090300
2013090400
2013090500
2013090600
2013090700
2013090800
2013090900
2013091000
2013091100
2013091200
2013091300
2013091400
2013091500
2013091600
2013091700
2013091800
2013091900
2013092000
2013092100
2013092200
2013092300
2013092400
2013092500
2013092600
2013092700
2013092800
2013092900
2013093000
2013100100
2013100200
2013100300
2013100400
2013100500
2013100600
2013100700
2013100800
2013100900
2013101000
2013101100
2013101200
2013101300
2013101400
2013101500
2013101600
2013101700
2013101800
2013101900
2013102000
2013102100
2013102200
2013102300
2013102400
2013102500
2013102600
2013102700
2013102800
2013102900
2013103000
2013103100
