2017120100  0.912793  0.94624  0.925026
2017120300  0.937935  0.864227  0.817972
2017120400  0.929085  0.891966  0.91467
2017120412  0.82927  0.846179  0.85772
2017120500  0.919408  0.61766  0.512483
2017120600  0.824762  0.913692  0.654846
2017120612  0.916439  0.873762  0.778783
2017120700  0.958251  0.909877  0.944537
2017120712  0.951091  0.964443  0.922018
2017120800  0.939288  0.889845  0.910447
2017120812  0.916122  0.898652  0.896282
2017120912  0.758401  0.464247  0.396533
2017121000  0.544878  0.282981  0.712903
2017121112  0.448176  0.308105  0.55846
2017121200  0.774361  0.694981  0.814381
2017121212  0.778853  0.827967  0.737979
2017121300  0.398008  0.825566  0.613654
2017121312  0.162641  0.812026  0.46275
2017121400  0.718551  0.478618  0.703663
2017121412  0.796124  0.599459  0.378543
2017121500  0.573971  0.688663  0.135255
2017121600  0.282734  0.514906  0.749957
2017121612  0.367221  0.586236  0.66576
2017121700  0.755898  0.113628  0.105978
2017121712  0.493937  0.143732  0.716233
2017121800  0.78916  0.256112  0.433318
2017121812  0.300012  0.272789  0.861706
2017121900  0.720738  0.0623987  0.193968
2017121912  0.758215  0.326659  0.216569
2017122000  0.68817  0.462296  0.276312
2017122012  0.630572  0.640103  0.268582
2017122100  0.363849  0.3585  0.774132
2017122112  0.649747  0.0111348  0.353837
2017122200  0.554196  0.682157  0.499741
2017122212  0.854038  0.21077  -0.0956005
2017122300  0.518405  0.787323  0.580918
2017122312  0.907939  0.677791  0.665462
2017122700  0.902631  0.798565  0.833496
