2017120100  0.940744  0.934909  0.95995
2017120200  0.955995  0.883565  0.901717
2017120300  0.899888  0.939912  0.856533
2017120400  0.888722  0.919413  0.946605
2017120412  0.924178  0.930775  0.952092
2017120500  0.960225  0.958727  0.95062
2017120600  0.923557  0.923876  0.942927
2017120612  0.942479  0.922899  0.891501
2017120700  0.972443  0.961594  0.96122
2017120712  0.965114  0.970938  0.943428
2017120800  0.968985  0.948588  0.956193
2017120812  0.978946  0.914897  0.927708
2017120912  0.958689  0.918293  0.949405
2017121000  0.944753  0.913691  0.940304
2017121112  0.777332  0.688243  0.790112
2017121200  0.681266  0.656092  0.724514
2017121212  0.687524  0.697416  0.84827
2017121300  0.760165  0.571392  0.684754
2017121312  0.827856  0.685888  0.548113
2017121400  0.872729  0.742762  0.759881
2017121412  0.759588  0.785819  0.840236
2017121500  0.767147  0.848391  0.865116
2017121600  0.868877  0.717574  0.821004
2017121612  0.934263  0.825078  0.862751
2017121700  0.896867  0.638486  0.508803
2017121712  0.800658  0.810913  0.858698
2017121800  0.761673  0.752295  0.918579
2017121812  0.733446  0.781474  0.928413
2017121900  0.878036  0.647581  0.801254
2017121912  0.810525  0.572327  0.449701
2017122000  0.809567  0.629479  0.435113
2017122012  0.872292  0.754305  0.609169
2017122100  0.903446  0.813992  0.830543
2017122112  0.957603  0.853697  0.85756
2017122200  0.946065  0.785553  0.818455
2017122212  0.948751  0.818707  0.838673
2017122300  0.822156  0.776304  0.92079
2017122312  0.974009  0.823674  0.811946
2017122400  0.940941  0.881175  0.897969
2017122412  0.952084  0.874109  0.825927
2017122700  0.923984  0.616619  0.657824
2017122712  0.967828  0.773415  0.80802
2017122800  0.972231  0.878289  0.866818
2017122812  0.970248  0.86056  0.84277
2017122900  0.92914  0.853326  0.818078
2017122912  0.916059  0.795178  0.820355
2017123000  0.980399  0.803008  0.838702
2017123012  0.984677  0.789353  0.802186
2018010400  0.86083  0.821296  0.83274
2018010412  0.917626  0.886526  0.808229
2018010512  0.960515  0.897458  0.882073
2018010600  0.944367  0.894304  0.905048
