2017120100  0.910105  0.884614  0.886088
2017120200  0.888873  0.849614  0.905807
2017120300  0.878331  0.862519  0.853541
2017120400  0.896101  0.871296  0.88784
2017120412  0.89652  0.862133  0.905165
2017120500  0.915231  0.820846  0.855059
2017120600  0.897532  0.833088  0.884573
2017120612  0.900063  0.849511  0.893702
2017120700  0.891403  0.814228  0.898262
2017120712  0.933743  0.869323  0.903036
2017120800  0.948564  0.867906  0.89622
2017120812  0.934476  0.880323  0.902875
2017120912  0.913169  0.882001  0.861988
2017121000  0.943157  0.848583  0.863242
2017121112  0.865742  0.868508  0.865059
2017121200  0.878184  0.87021  0.874138
2017121212  0.921412  0.899248  0.892609
2017121300  0.943951  0.880716  0.888844
2017121312  0.942541  0.872492  0.886898
2017121400  0.926161  0.863303  0.900609
2017121412  0.914428  0.872679  0.887144
2017121500  0.880676  0.834308  0.882991
2017121600  0.916622  0.774786  0.835629
2017121612  0.898284  0.801093  0.836637
2017121700  0.905934  0.811428  0.832585
2017121712  0.842661  0.79747  0.838131
2017121800  0.896844  0.764795  0.859727
2017121812  0.79664  0.787478  0.887293
2017121900  0.842278  0.732198  0.810321
2017121912  0.863596  0.663379  0.645552
2017122000  0.870757  0.725686  0.718094
2017122012  0.892758  0.834545  0.778963
2017122100  0.78418  0.875678  0.808482
2017122112  0.906451  0.866176  0.867322
2017122200  0.84428  0.862333  0.864695
2017120100  0.940744  0.934909  0.95995
2017120200  0.955995  0.883565  0.901717
2017120300  0.899888  0.939912  0.856533
2017120400  0.888722  0.919413  0.946605
2017120412  0.924178  0.930775  0.952092
2017120500  0.960225  0.958727  0.95062
2017120600  0.923557  0.923876  0.942927
2017120612  0.942479  0.922899  0.891501
2017120700  0.972443  0.961594  0.96122
2017120712  0.965114  0.970938  0.943428
2017120800  0.968985  0.948588  0.956193
2017120812  0.978946  0.914897  0.927708
2017120912  0.958689  0.918293  0.949405
2017121000  0.944753  0.913691  0.940304
2017121112  0.777332  0.688243  0.790112
2017121200  0.681266  0.656092  0.724514
2017121212  0.687524  0.697416  0.84827
2017121300  0.760165  0.571392  0.684754
2017121312  0.827856  0.685888  0.548113
2017121400  0.872729  0.742762  0.759881
2017121412  0.759588  0.785819  0.840236
2017121500  0.767147  0.848391  0.865116
2017121600  0.868877  0.717574  0.821004
2017121612  0.934263  0.825078  0.862751
2017121700  0.896867  0.638486  0.508803
2017121712  0.800658  0.810913  0.858698
2017121800  0.761673  0.752295  0.918579
2017121812  0.733446  0.781474  0.928413
2017121900  0.878036  0.647581  0.801254
2017121912  0.810525  0.572327  0.449701
2017122000  0.809567  0.629479  0.435113
2017122012  0.872292  0.754305  0.609169
2017122100  0.903446  0.813992  0.830543
2017122112  0.957603  0.853697  0.85756
2017122200  0.946065  0.785553  0.818455
