1990 2026 1 1 SNOW 0.756 0.9364
1990 2026 2 2 SNOW 0.63428 0.76032
1990 2026 3 3 SNOW 0.48696 0.4212
1990 2026 4 4 SNOW 0.68104 0.40844
1990 2026 5 5 SNOW 0.79964 0.73872
1990 2026 1 2 SNOW 0.79292 0.96336
1990 2026 3 5 SNOW 0.4546 0.45748
1990 2071 1 1 SNOW 0.98436 1
1990 2071 2 2 SNOW 0.8334 0.9852
1990 2071 3 3 SNOW 0.60396 0.6628
1990 2071 4 4 SNOW 0.74452 0.53008
1990 2071 5 5 SNOW 0.89736 0.88836
1990 2071 1 2 SNOW 0.98604 1
1990 2071 3 5 SNOW 0.6382 0.75156
1990 2026 1 1 PRECT 0.55752 0.64356
1990 2026 2 2 PRECT 0.58488 0.64932
1990 2026 3 3 PRECT 0.36012 0.19856
1990 2026 4 4 PRECT 0.38508 0.21764
1990 2026 5 5 PRECT 0.21476 0.03252
1990 2026 1 2 PRECT 0.5862 0.70408
1990 2026 3 5 PRECT 0.16272 0.01128
1990 2071 1 1 PRECT 0.82768 0.98252
1990 2071 2 2 PRECT 0.64204 0.79648
1990 2071 3 3 PRECT 0.37024 0.23744
1990 2071 4 4 PRECT 0.23512 0.03256
1990 2071 5 5 PRECT 0.0054 0
1990 2071 1 2 PRECT 0.81948 0.98536
1990 2071 3 5 PRECT 0.00276 0
