210,215,226
210,215,226
210,215,226
216,217,221
219,219,219
212,212,212
198,198,198
186,186,186
176,176,176
166,166,166
159,159,159
150,150,150
139,139,139
133,133,133
123,123,123
113,113,113
107,107,107
100,100,100
89,89,89
83,83,83
73,73,73
65,65,65
62,62,62
52,52,52
46,46,46
37,37,37
28,30,30
23,24,24
22,23,23
25,22,22
32,22,22
41,22,22
47,21,22
54,21,22
60,21,23
64,21,23
76,20,23
91,20,23
105,19,24
122,19,27
134,18,27
137,17,28
148,16,28
156,16,29
165,16,30
177,15,31
183,13,32
192,11,32
203,9,33
212,10,34
225,11,36
235,12,37
244,13,37
248,13,38
248,14,38
249,27,39
249,40,39
249,45,39
249,52,40
249,63,40
249,68,40
249,77,41
249,87,41
249,92,42
249,103,43
250,111,43
250,120,44
251,131,46
251,137,46
251,151,47
251,155,49
251,161,49
251,180,51
253,201,55
253,218,57
254,239,61
255,250,62
254,252,62
249,253,62
241,253,62
229,253,61
216,253,60
211,253,60
199,253,59
191,253,59
185,253,59
171,253,58
167,253,58
157,253,58
147,253,57
143,253,57
135,253,57
127,253,57
120,253,56
112,253,56
107,253,56
102,253,56
92,253,56
88,253,56
83,253,56
76,253,56
75,253,55
71,253,55
65,253,55
63,253,55
61,253,55
62,252,56
59,244,55
56,227,56
54,211,56
49,189,57
48,179,60
46,176,59
46,167,60
44,160,62
44,157,64
42,146,66
40,138,68
40,137,69
40,135,70
40,129,70
39,127,71
38,122,73
38,120,74
38,118,74
37,113,76
37,111,76
36,104,79
36,102,79
35,99,79
35,99,81
36,95,84
36,95,84
34,86,87
34,85,87
35,84,88
35,81,90
34,78,91
34,73,93
34,70,95
34,67,96
34,67,98
34,64,100
34,63,100
33,55,103
33,55,103
33,51,105
33,50,106
33,47,107
33,44,108
33,39,110
33,36,112
34,35,114
34,32,115
34,31,115
34,31,119
34,31,119
34,31,120
34,31,120
34,36,121
35,39,123
35,45,127
36,48,129
37,55,134
37,59,137
38,62,139
38,70,144
39,73,146
39,77,149
39,77,149
40,77,149
40,78,149
41,83,151
41,83,151
41,85,154
41,85,154
42,88,155
42,92,157
43,94,158
43,96,160
43,97,162
44,99,163
44,99,163
44,103,165
44,103,165
46,106,167
46,107,168
46,109,170
46,110,170
47,115,172
48,117,174
48,119,174
48,120,174
49,120,175
50,126,179
50,126,179
51,134,183
52,135,186
53,140,187
53,141,187
54,149,192
55,152,193
55,156,195
57,157,195
57,157,196
57,160,197
58,161,199
58,165,201
59,165,201
59,167,202
60,168,202
60,172,206
60,173,206
62,178,207
62,179,209
62,180,209
63,180,210
63,184,212
64,186,213
65,190,216
65,191,216
66,191,217
66,193,218
66,195,218
67,201,220
67,201,220
67,201,221
68,203,223
69,205,224
69,208,224
71,217,230
73,226,235
74,227,236
75,235,242
76,237,244
77,246,248
79,251,250
80,255,254
80,255,254
80,255,254
85,254,251
92,251,246
98,248,243
130,236,231
165,220,218
173,218,217
203,204,204
217,197,197
219,193,194
