SHF5
CAM
GFDL
GFSO
HWRF
-------------------------------------------------------------------
12
24
36
48
72
96
120
-------------------------------------------------------------------
4.566358
6.966435
8.356986
9.88427
10.23817
9.31512
9.614395
-------------------------------------------------------------------
9.096313
6.557689
5.755726
6.089736
8.302342
9.249711
9.186508
-------------------------------------------------------------------
6.066157
5.258164
5.02828
5.430897
6.052288
7.202222
6.215045
-------------------------------------------------------------------
9.690454
7.488614
5.417743
5.003114
4.222732
4.503645
4.574082
-------------------------------------------------------------------
4.89794
5.117081
5.415496
5.283171
6.042911
5.705657
6.651886
-------------------------------------------------------------------
