CAM
GFDL
GFSO
HWRF
-------------------------------------------------------------------
12
24
36
48
72
96
120
144
168
192
-------------------------------------------------------------------
10.98864
8.022988
7.070588
8.1875
12.09231
15.1
13.85714
13.34375
11.95455
13.27273
-------------------------------------------------------------------
7.229167
7.673684
8.623656
9.068182
9.279411
9.807693
11.7027
1e+20
1e+20
1e+20
-------------------------------------------------------------------
19.67347
15.49485
11.47917
8.813187
7.069445
5.561403
7.195652
8.181818
7.590909
1e+20
-------------------------------------------------------------------
7.416667
7.957447
7.827957
8.202248
9.535212
8.218182
9.186047
1e+20
1e+20
1e+20
-------------------------------------------------------------------
