CAM
GFDL
GFSO
HWRF
-------------------------------------------------------------------
12
24
36
48
72
96
120
144
168
192
-------------------------------------------------------------------
-8.663713
-3.754853
-0.04236601
2.668681
6.592803
7.644645
6.29582
5.240903
4.489697
6.173334
-------------------------------------------------------------------
-4.265602
-1.738281
0.9348507
2.414382
3.979379
3.700043
3.350841
1e+20
1e+20
1e+20
-------------------------------------------------------------------
-9.553968
-6.502154
-3.327813
-1.385043
-0.007145074
0.4783431
0.03355074
0.8574075
-0.6781313
1e+20
-------------------------------------------------------------------
-1.11463
0.7716667
2.395209
2.601124
3.246072
1.646222
-0.885323
1e+20
1e+20
1e+20
-------------------------------------------------------------------
