CAM
CAM6
-------------------------------------------------------------------
12
24
36
48
72
96
120
144
168
192
-------------------------------------------------------------------
-4.544598
-3.961222
-3.250571
-2.606607
-0.02799698
2.646712
6.237258
8.777214
9.410696
8.271726
-------------------------------------------------------------------
-6.841298
-7.420041
-7.232132
-6.871603
-4.99746
-2.423243
0.2039514
1.369214
2.229259
1.868246
-------------------------------------------------------------------
