CLP5
CAM
GFDL
GFSO
HWRF
CMC
-------------------------------------------------------------------
12
24
36
48
72
96
120
-------------------------------------------------------------------
86.97046
189.7502
308.1697
424.3553
631.1532
805.2088
996.9819
-------------------------------------------------------------------
60.87949
97.79294
132.5189
169.9348
257.6243
374.4182
520.0029
-------------------------------------------------------------------
62.5093
95.26343
124.6481
159.9897
241.4984
351.3706
464.6785
-------------------------------------------------------------------
52.86861
78.96307
104.6769
133.435
205.6273
302.6549
477.7967
-------------------------------------------------------------------
61.13811
93.22544
124.3834
155.9908
218.4923
310.7613
452.644
-------------------------------------------------------------------
93.03812
124.3628
150.2614
188.2426
265.3512
379.0612
538.6097
-------------------------------------------------------------------
