SHF5
CAM
CAMC
-------------------------------------------------------------------
12
24
36
48
72
96
120
-------------------------------------------------------------------
3.142197
5.153334
6.44667
7.444467
8.855909
9.029025
9.145679
-------------------------------------------------------------------
5.319418
5.598889
6.085007
6.756804
8.266814
9.008027
10.38416
-------------------------------------------------------------------
5.30475
5.716667
6.133945
6.997747
8.385283
8.823247
9.831605
-------------------------------------------------------------------
