SHF5
CAM
CAM6
-------------------------------------------------------------------
12
24
36
48
72
96
120
-------------------------------------------------------------------
3.111164
5.167208
6.415135
7.390533
8.618731
8.99201
8.888977
-------------------------------------------------------------------
5.330837
5.586047
6.126454
6.795579
8.168592
8.91305
10.43543
-------------------------------------------------------------------
7.262933
8.014863
8.307599
8.68415
9.427909
9.209752
9.026162
-------------------------------------------------------------------
