CAM
CAMW
CAMX
CAMY
CAMZ
-------------------------------------------------------------------
12
24
36
48
72
96
120
144
168
192
-------------------------------------------------------------------
5.208333
5.73913
7.204545
10.90476
20.525
31.3125
48.88889
59
56.41177
52.35714
-------------------------------------------------------------------
4.395833
5.717391
6.613636
8.547619
11.775
15.875
21.88889
32.65217
41.88235
45.71429
-------------------------------------------------------------------
3.5625
6.195652
10.43182
15.42857
21.8
31.8125
41.81482
52.78261
61.23529
56.78571
-------------------------------------------------------------------
5.375
5.369565
8.75
13.04762
21.6
32.15625
45.62963
51.26087
47.94118
43.21429
-------------------------------------------------------------------
5.229167
6.73913
7.681818
7.809524
9.45
11.28125
16.77778
22.56522
23.76471
26
-------------------------------------------------------------------
