CLP5
CAM
CAMC
-------------------------------------------------------------------
12
24
36
48
72
96
120
-------------------------------------------------------------------
87.621
182.9684
291.0518
398.1982
602.85
778.1322
982.2132
-------------------------------------------------------------------
68.91535
107.8638
147.2185
190.586
284.5266
378.2268
506.4214
-------------------------------------------------------------------
68.9854
108.1011
147.072
193.9574
291.2585
389.0916
519.9662
-------------------------------------------------------------------
