CLP5
CAM
CAM6
-------------------------------------------------------------------
12
24
36
48
72
96
120
-------------------------------------------------------------------
87.14079
182.9731
292.2602
401.2557
615.5205
782.9807
985.7119
-------------------------------------------------------------------
68.86155
107.6084
145.2739
187.5159
278.6486
376.1487
480.6028
-------------------------------------------------------------------
71.85852
114.2124
157.5592
204.6197
304.3387
414.4191
535.9697
-------------------------------------------------------------------
