SHF5
CAM
CAMW
CAMX
CAMY
CAMZ
-------------------------------------------------------------------
12
24
36
48
72
96
120
-------------------------------------------------------------------
3.029506
4.857313
5.732381
5.954695
8.66641
8.681251
7.259383
-------------------------------------------------------------------
4.504247
5.826383
6.896006
8.308278
12.99302
16.10854
22.97852
-------------------------------------------------------------------
4.469951
5.371758
6.11209
7.317972
8.864274
9.340383
11.12724
-------------------------------------------------------------------
4.367062
5.91013
8.378096
10.93194
12.8743
17.37858
20.48251
-------------------------------------------------------------------
4.710025
5.706744
7.50844
9.825889
13.58661
15.83524
21.5114
-------------------------------------------------------------------
5.395951
6.56814
6.871508
6.970722
7.307749
6.125104
5.887531
-------------------------------------------------------------------
