CLP5
CAM
CAMZ
-------------------------------------------------------------------
12
24
36
48
72
96
120
-------------------------------------------------------------------
85.99136
179.8429
286.0083
391.5693
596.6017
775.6404
966.6187
-------------------------------------------------------------------
67.76707
105.1452
141.7054
183.9104
281.8575
382.9769
515.3232
-------------------------------------------------------------------
67.02406
100.8615
137.0841
175.0857
272.7603
364.2937
513.4054
-------------------------------------------------------------------
