CAM
CAMW
CAMX
CAMY
CAMZ
-------------------------------------------------------------------
12
24
36
48
72
96
120
144
168
192
-------------------------------------------------------------------
-2.615093
-1.699903
-0.9353535
-0.03674603
5.543139
12.37882
22.14017
26.54981
24.78412
22.08437
-------------------------------------------------------------------
-2.711551
-3.131401
-2.934672
-3.172408
-2.43075
0.5626736
5.33498
11.78749
15.70569
18.07905
-------------------------------------------------------------------
-0.1286111
1.129541
2.163005
3.870582
5.543139
12.13767
19.41552
25.67749
28.71811
26.78786
-------------------------------------------------------------------
-2.27213
0.05591787
1.052273
2.608968
6.469139
12.78073
20.78737
23.91048
21.09222
21.64341
-------------------------------------------------------------------
-4.061968
-4.987875
-5.647197
-5.916111
-4.810056
-2.652604
0.7811934
5.010242
6.294379
8.304604
-------------------------------------------------------------------
