SHF5
CAM
CAMZ
-------------------------------------------------------------------
12
24
36
48
72
96
120
-------------------------------------------------------------------
3.13996
5.168722
6.489331
7.563309
8.971159
8.914042
9.024826
-------------------------------------------------------------------
5.351092
5.591838
6.094966
6.687778
8.191802
8.736569
10.30653
-------------------------------------------------------------------
5.925356
6.774482
7.31851
7.669265
8.022599
7.51673
7.105213
-------------------------------------------------------------------
