CAM
GFDL
GFSO
HWRF
-------------------------------------------------------------------
12
24
36
48
72
96
120
144
168
192
-------------------------------------------------------------------
6.283708
6.196429
6.538961
7.678571
11.28879
14.37634
17.37255
20.70086
20.3913
23.42857
-------------------------------------------------------------------
5.090206
6.081744
7.0625
7.811688
9.14
10.99482
12.35915
1e+20
1e+20
1e+20
-------------------------------------------------------------------
9.701755
9.390958
8.976676
8.601286
7.614786
7.072464
7.638554
8.512196
8.988889
1e+20
-------------------------------------------------------------------
5.307693
6.582417
7.204748
7.848387
8.911647
9.846535
11.35404
1e+20
1e+20
1e+20
-------------------------------------------------------------------
