CLP5
CAM
CAMH
-------------------------------------------------------------------
12
24
36
48
72
96
120
-------------------------------------------------------------------
108.7249
232.4726
382.9018
546.5281
781.6197
804.3848
1080.591
-------------------------------------------------------------------
87.39674
156.2662
224.5103
276.7011
345.1504
256.7291
259.9209
-------------------------------------------------------------------
88.14455
154.5379
228.2563
281.9315
340.5006
270.7403
300.1032
-------------------------------------------------------------------
