CAM
GFDL
GFSO
HWRF
CMC
-------------------------------------------------------------------
12
24
36
48
72
96
120
144
168
192
-------------------------------------------------------------------
60.87949
97.79294
132.5189
169.9348
257.6243
374.4182
520.0029
668.3014
863.2841
981.1965
-------------------------------------------------------------------
62.5093
95.26343
124.6481
159.9897
241.4984
351.3706
464.6785
1e+20
1e+20
1e+20
-------------------------------------------------------------------
52.86861
78.96307
104.6769
133.435
205.6273
302.6549
477.7967
631.3683
704.4622
1e+20
-------------------------------------------------------------------
61.13811
93.22544
124.3834
155.9908
218.4923
310.7613
452.644
1e+20
1e+20
1e+20
-------------------------------------------------------------------
93.03812
124.3628
150.2614
188.2426
265.3512
379.0612
538.6097
666.5366
1e+20
1e+20
-------------------------------------------------------------------
