CAM
GFDL
GFSO
HWRF
-------------------------------------------------------------------
12
24
36
48
72
96
120
144
168
192
-------------------------------------------------------------------
-4.982597
-3.510777
-1.790534
-0.4391151
2.913707
4.771058
6.657516
8.424578
8.684046
9.251835
-------------------------------------------------------------------
-2.511231
-2.245613
-1.472903
-0.6898233
1.695609
1.673944
2.775102
1e+20
1e+20
1e+20
-------------------------------------------------------------------
-5.323662
-4.755875
-3.647606
-2.89313
-1.449252
-1.004037
-0.5826238
-0.2885908
-0.920284
1e+20
-------------------------------------------------------------------
0.1846724
0.5116178
1.155592
1.707624
2.495779
1.925347
2.176004
1e+20
1e+20
1e+20
-------------------------------------------------------------------
