CLP5
CAM
CAMW
CAMX
CAMY
CAMZ
-------------------------------------------------------------------
12
24
36
48
72
96
120
-------------------------------------------------------------------
82.84233
155.3746
253.9828
363.7841
605.1407
747.2425
964.8683
-------------------------------------------------------------------
66.84787
108.6732
134.1067
159.871
246.7722
309.9391
456.8216
-------------------------------------------------------------------
60.29644
87.77304
112.2212
136.4628
222.4894
305.859
462.4673
-------------------------------------------------------------------
57.12918
86.50933
105.8341
128.6273
216.1253
292.3624
427.9073
-------------------------------------------------------------------
69.24674
110.6724
135.8534
167.6655
264.8745
329.3933
470.3428
-------------------------------------------------------------------
63.36081
91.2997
121.1574
151.4027
239.9627
302.4972
454.0162
-------------------------------------------------------------------
