CLP5
CAM
GFDL
GFSO
HWRF
CMC
-------------------------------------------------------------------
12
24
36
48
72
96
120
-------------------------------------------------------------------
82.98598
206.392
363.8495
517.1866
803.6104
938.5898
1141.321
-------------------------------------------------------------------
47.73663
80.91705
118.5933
162.8261
238.2354
327.2775
473.9722
-------------------------------------------------------------------
47.29142
79.87443
109.6571
145.7464
221.0171
327.143
444.593
-------------------------------------------------------------------
38.88043
64.33486
90.71863
119.1045
206.8615
337.99
571.5403
-------------------------------------------------------------------
46.57066
87.47898
122.9293
154.8455
207.2792
267.1533
412.9615
-------------------------------------------------------------------
86.24847
115.9462
147.8231
178.1672
239.2726
377.4851
540.0572
-------------------------------------------------------------------
