CAM
GFDL
GFSO
HWRF
-------------------------------------------------------------------
12
24
36
48
72
96
120
144
168
192
-------------------------------------------------------------------
5.771605
5.599177
5.672251
6.083306
7.796494
9.168728
10.5646
11.37934
10.97668
12.04453
-------------------------------------------------------------------
4.619393
5.088374
5.505781
5.817565
6.267991
7.356822
7.64421
1e+20
1e+20
1e+20
-------------------------------------------------------------------
5.875497
5.921584
5.726382
5.705205
5.460718
5.701138
5.832437
6.461924
6.201914
1e+20
-------------------------------------------------------------------
4.134023
4.825037
5.643624
6.168355
6.677448
6.871144
7.678323
1e+20
1e+20
1e+20
-------------------------------------------------------------------
