CAM
CAMW
CAMX
CAMY
CAMZ
-------------------------------------------------------------------
12
24
36
48
72
96
120
144
168
192
-------------------------------------------------------------------
4.522824
5.748358
6.734546
8.022883
12.71964
16.10854
22.97852
26.99715
24.78412
22.08437
-------------------------------------------------------------------
4.447801
5.301015
5.974571
7.091984
8.706972
9.340383
11.12724
14.20314
15.76621
18.07905
-------------------------------------------------------------------
4.394213
5.826643
8.125884
10.50937
12.61675
17.37858
20.48251
26.3485
28.71811
26.78786
-------------------------------------------------------------------
4.715741
5.625338
7.342525
9.468227
13.31125
15.83524
21.5114
23.91048
21.09222
21.64341
-------------------------------------------------------------------
5.305209
6.329904
6.69947
6.749022
7.1765
6.125104
5.887531
7.828503
7.020654
8.304604
-------------------------------------------------------------------
