CAM
CAMH
-------------------------------------------------------------------
12
24
36
48
72
96
120
144
168
192
-------------------------------------------------------------------
-4.609422
-4.287037
-5.487408
-4.653384
-2.0835
2.709407
9.568667
8.270684
11.10343
7.259383
-------------------------------------------------------------------
-4.691733
-4.287037
-5.080139
-4.419546
-2.726556
2.880889
8.848445
7.558376
11.74648
11.03198
-------------------------------------------------------------------
