SHF5
CAM
CAMH
-------------------------------------------------------------------
12
24
36
48
72
96
120
-------------------------------------------------------------------
3.665417
5.058704
5.916111
7.646515
8.256833
9.740149
7.888148
-------------------------------------------------------------------
5.530278
6.301945
7.416574
8.76894
9.800167
11.42067
11.55785
-------------------------------------------------------------------
5.551713
6.173334
7.009305
8.535101
10.70044
11.18059
10.28889
-------------------------------------------------------------------
