CAM
CAMZ
-------------------------------------------------------------------
12
24
36
48
72
96
120
144
168
192
-------------------------------------------------------------------
-4.572724
-3.974139
-3.089117
-2.427746
-0.1575172
2.123732
4.811061
7.977847
8.518013
8.244473
-------------------------------------------------------------------
-5.380839
-5.936154
-6.223553
-6.311059
-5.682349
-4.720138
-3.322334
-1.511675
-0.8409188
0.06012985
-------------------------------------------------------------------
