CAM
CAMC
-------------------------------------------------------------------
12
24
36
48
72
96
120
144
168
192
-------------------------------------------------------------------
-4.527912
-3.963682
-3.181463
-2.584893
-0.3905967
1.680655
4.571661
7.177891
8.030565
7.588056
-------------------------------------------------------------------
-4.460854
-3.669561
-2.960657
-2.26685
-0.6335288
1.199004
3.815905
5.349527
5.985867
5.413916
-------------------------------------------------------------------
