CAM
CAMW
CAMX
CAMY
CAMZ
-------------------------------------------------------------------
12
24
36
48
72
96
120
144
168
192
-------------------------------------------------------------------
64.65333
105.908
133.8626
163.7299
249.2457
309.9391
456.8216
592.2035
782.598
1011.561
-------------------------------------------------------------------
58.78732
85.61249
112.1809
139.2938
224.3327
305.859
462.4673
591.6177
713.7717
954.584
-------------------------------------------------------------------
55.94063
84.87788
105.8814
131.8805
218.1277
292.3624
427.9073
542.7369
588.1413
784.9958
-------------------------------------------------------------------
66.70642
108.2303
136.5944
172.9925
267.1782
329.3933
470.3428
584.1367
720.6665
756.1816
-------------------------------------------------------------------
61.36802
89.78632
121.82
156.2932
244.1845
302.4972
454.0162
542.1461
615.5463
838.0981
-------------------------------------------------------------------
