SHF5
CAM
GFDL
GFSO
HWRF
-------------------------------------------------------------------
12
24
36
48
72
96
120
-------------------------------------------------------------------
3.590744
5.696028
7.107456
8.331051
9.214666
9.177495
9.289909
-------------------------------------------------------------------
5.771605
5.599177
5.672251
6.083306
7.796494
9.168728
10.5646
-------------------------------------------------------------------
4.619393
5.088374
5.505781
5.817565
6.267991
7.356822
7.64421
-------------------------------------------------------------------
5.875497
5.921584
5.726382
5.705205
5.460718
5.701138
5.832437
-------------------------------------------------------------------
4.134023
4.825037
5.643624
6.168355
6.677448
6.871144
7.678323
-------------------------------------------------------------------
