62.005878       146.737503
86.87719        93.254997
15.709098       28.4625
43.027172       16.8375
109.569656      70.9375
163.023422      87.982498
45.367088       35.7925
134.793579      34.360001
168.204849      102.9925
139.573502      135.125
22.924389       91.167496
32.2924         33.967499
79.308098       75.129997
117.726036      38.665001
16.846041       31.529999
90.278297       227.102493
28.797859       166.182495
69.553642       40.1175
35.381413       181.767502
83.844887       176.527496
72.591667       115.567497
20.590677       105.567497
18.790854       65.125
