1  1980    1  3.707718E-02  4.473270E+07
1  1980    2  4.214343E-02  4.473270E+07
1  1980    3  3.802340E-02  4.473270E+07
1  1980    4  8.057901E-02  4.473270E+07
1  1980    5  1.337349E-01  4.473270E+07
1  1980    6  3.278210E-01  4.473270E+07
1  1980    7  4.699179E-01  4.473270E+07
1  1980    8  6.471480E-01  4.473270E+07
1  1980    9  6.080908E-01  4.473270E+07
1  1980   10  4.088067E-01  4.473270E+07
1  1980   11  1.390845E-01  4.473270E+07
1  1980   12  3.190269E-02  4.473270E+07
1  1981    1  3.481148E-02  4.473270E+07
1  1981    2  2.911002E-02  4.473270E+07
1  1981    3  6.438328E-02  4.473270E+07
1  1981    4  9.425434E-02  4.473270E+07
1  1981    5  1.271239E-01  4.473270E+07
1  1981    6  2.715817E-01  4.473270E+07
1  1981    7  4.189988E-01  4.473270E+07
1  1981    8  6.991730E-01  4.473270E+07
1  1981    9  4.736779E-01  4.473270E+07
1  1981   10  3.406196E-01  4.473270E+07
1  1981   11  1.178683E-01  4.473270E+07
1  1981   12  3.930568E-02  4.473270E+07
1  1982    1  2.463859E-02  4.473270E+07
1  1982    2  3.036124E-02  4.473270E+07
1  1982    3  5.260657E-02  4.473270E+07
1  1982    4  7.864089E-02  4.473270E+07
1  1982    5  9.668778E-02  4.473270E+07
1  1982    6  2.668136E-01  4.473270E+07
1  1982    7  2.782005E-01  4.473270E+07
1  1982    8  5.372465E-01  4.473270E+07
1  1982    9  4.751161E-01  4.473270E+07
1  1982   10  2.420482E-01  4.473270E+07
1  1982   11  9.041788E-02  4.473270E+07
1  1982   12  3.121196E-02  4.473270E+07
1  1983    1  2.073395E-02  4.473270E+07
1  1983    2  2.905486E-02  4.473270E+07
1  1983    3  4.165496E-02  4.473270E+07
1  1983    4  5.428655E-02  4.473270E+07
1  1983    5  1.324134E-01  4.473270E+07
1  1983    6  2.520778E-01  4.473270E+07
1  1983    7  4.350460E-01  4.473270E+07
1  1983    8  5.196967E-01  4.473270E+07
1  1983    9  3.981987E-01  4.473270E+07
1  1983   10  2.402878E-01  4.473270E+07
1  1983   11  1.343719E-01  4.473270E+07
1  1983   12  5.598744E-02  4.473270E+07
1  1984    1  2.978964E-02  4.473270E+07
1  1984    2  3.892896E-02  4.473270E+07
1  1984    3  4.670623E-02  4.473270E+07
1  1984    4  8.047191E-02  4.473270E+07
1  1984    5  1.238118E-01  4.473270E+07
1  1984    6  2.673582E-01  4.473270E+07
1  1984    7  3.732460E-01  4.473270E+07
1  1984    8  4.667622E-01  4.473270E+07
1  1984    9  3.641770E-01  4.473270E+07
1  1984   10  2.041279E-01  4.473270E+07
1  1984   11  8.351671E-02  4.473270E+07
1  1984   12  3.720143E-02  4.473270E+07
1  1985    1  3.449862E-02  4.473270E+07
1  1985    2  2.968066E-02  4.473270E+07
1  1985    3  5.979183E-02  4.473270E+07
1  1985    4  6.523443E-02  4.473270E+07
1  1985    5  9.812883E-02  4.473270E+07
1  1985    6  2.201351E-01  4.473270E+07
1  1985    7  3.304184E-01  4.473270E+07
1  1985    8  5.381874E-01  4.473270E+07
1  1985    9  5.081828E-01  4.473270E+07
1  1985   10  2.036761E-01  4.473270E+07
1  1985   11  7.606029E-02  4.473270E+07
1  1985   12  4.338317E-02  4.473270E+07
1  1986    1  1.770799E-02  4.473270E+07
1  1986    2  2.724585E-02  4.473270E+07
1  1986    3  3.388293E-02  4.473270E+07
1  1986    4  6.281528E-02  4.473270E+07
1  1986    5  1.065386E-01  4.473270E+07
1  1986    6  1.413938E-01  4.473270E+07
1  1986    7  3.422798E-01  4.473270E+07
1  1986    8  4.022039E-01  4.473270E+07
1  1986    9  4.032881E-01  4.473270E+07
1  1986   10  2.266083E-01  4.473270E+07
1  1986   11  1.423527E-01  4.473270E+07
1  1986   12  3.690854E-02  4.473270E+07
1  1987    1  2.136789E-02  4.473270E+07
1  1987    2  2.872325E-02  4.473270E+07
1  1987    3  3.805828E-02  4.473270E+07
1  1987    4  5.988558E-02  4.473270E+07
1  1987    5  1.288244E-01  4.473270E+07
1  1987    6  2.760276E-01  4.473270E+07
1  1987    7  4.510445E-01  4.473270E+07
1  1987    8  4.978715E-01  4.473270E+07
1  1987    9  4.672208E-01  4.473270E+07
1  1987   10  4.426311E-01  4.473270E+07
1  1987   11  8.939693E-02  4.473270E+07
1  1987   12  4.614005E-02  4.473270E+07
1  1988    1  4.351288E-02  4.473270E+07
1  1988    2  3.284927E-02  4.473270E+07
1  1988    3  5.641948E-02  4.473270E+07
1  1988    4  7.274441E-02  4.473270E+07
1  1988    5  1.513892E-01  4.473270E+07
1  1988    6  3.036105E-01  4.473270E+07
1  1988    7  5.431678E-01  4.473270E+07
1  1988    8  6.586105E-01  4.473270E+07
1  1988    9  4.899473E-01  4.473270E+07
1  1988   10  2.983424E-01  4.473270E+07
1  1988   11  1.116681E-01  4.473270E+07
1  1988   12  5.313564E-02  4.473270E+07
1  1989    1  3.151259E-02  4.473270E+07
1  1989    2  4.286351E-02  4.473270E+07
1  1989    3  5.156238E-02  4.473270E+07
1  1989    4  6.482463E-02  4.473270E+07
1  1989    5  9.967234E-02  4.473270E+07
1  1989    6  2.154110E-01  4.473270E+07
1  1989    7  3.526211E-01  4.473270E+07
1  1989    8  5.218952E-01  4.473270E+07
1  1989    9  4.084954E-01  4.473270E+07
1  1989   10  2.170716E-01  4.473270E+07
1  1989   11  1.056027E-01  4.473270E+07
1  1989   12  2.730651E-02  4.473270E+07
1  1990    1  1.826434E-02  4.473270E+07
1  1990    2  2.681907E-02  4.473270E+07
1  1990    3  3.164672E-02  4.473270E+07
1  1990    4  5.374280E-02  4.473270E+07
1  1990    5  9.344773E-02  4.473270E+07
1  1990    6  1.634661E-01  4.473270E+07
1  1990    7  3.221607E-01  4.473270E+07
1  1990    8  5.134528E-01  4.473270E+07
1  1990    9  5.131797E-01  4.473270E+07
1  1990   10  2.496912E-01  4.473270E+07
1  1990   11  9.687402E-02  4.473270E+07
1  1990   12  3.365487E-02  4.473270E+07
1  1991    1  2.259725E-02  4.473270E+07
1  1991    2  3.065391E-02  4.473270E+07
1  1991    3  5.742926E-02  4.473270E+07
1  1991    4  4.849030E-02  4.473270E+07
1  1991    5  1.134193E-01  4.473270E+07
1  1991    6  1.880699E-01  4.473270E+07
1  1991    7  4.131903E-01  4.473270E+07
1  1991    8  4.494655E-01  4.473270E+07
1  1991    9  5.110212E-01  4.473270E+07
1  1991   10  2.447612E-01  4.473270E+07
1  1991   11  8.098782E-02  4.473270E+07
1  1991   12  4.825875E-02  4.473270E+07
1  1992    1  2.516851E-02  4.473270E+07
1  1992    2  2.744164E-02  4.473270E+07
1  1992    3  3.057752E-02  4.473270E+07
1  1992    4  6.776202E-02  4.473270E+07
1  1992    5  8.591927E-02  4.473270E+07
1  1992    6  2.292221E-01  4.473270E+07
1  1992    7  4.081397E-01  4.473270E+07
1  1992    8  4.163936E-01  4.473270E+07
1  1992    9  3.784010E-01  4.473270E+07
1  1992   10  2.546024E-01  4.473270E+07
1  1992   11  1.552157E-01  4.473270E+07
1  1992   12  4.647605E-02  4.473270E+07
1  1993    1  3.417105E-02  4.473270E+07
1  1993    2  2.489334E-02  4.473270E+07
1  1993    3  3.130579E-02  4.473270E+07
1  1993    4  7.415999E-02  4.473270E+07
1  1993    5  1.032076E-01  4.473270E+07
1  1993    6  1.916188E-01  4.473270E+07
1  1993    7  3.266759E-01  4.473270E+07
1  1993    8  4.468863E-01  4.473270E+07
1  1993    9  3.970900E-01  4.473270E+07
1  1993   10  3.487172E-01  4.473270E+07
1  1993   11  1.026755E-01  4.473270E+07
1  1993   12  4.717790E-02  4.473270E+07
1  1994    1  3.429729E-02  4.473270E+07
1  1994    2  4.082715E-02  4.473270E+07
1  1994    3  3.919042E-02  4.473270E+07
1  1994    4  6.906680E-02  4.473270E+07
1  1994    5  1.239634E-01  4.473270E+07
1  1994    6  1.891848E-01  4.473270E+07
1  1994    7  2.538255E-01  4.473270E+07
1  1994    8  4.671158E-01  4.473270E+07
1  1994    9  4.972485E-01  4.473270E+07
1  1994   10  2.437465E-01  4.473270E+07
1  1994   11  1.019860E-01  4.473270E+07
1  1994   12  3.421222E-02  4.473270E+07
1  1995    1  2.489682E-02  4.473270E+07
1  1995    2  3.215934E-02  4.473270E+07
1  1995    3  5.829104E-02  4.473270E+07
1  1995    4  6.873263E-02  4.473270E+07
1  1995    5  1.643508E-01  4.473270E+07
1  1995    6  4.199322E-01  4.473270E+07
1  1995    7  3.978236E-01  4.473270E+07
1  1995    8  6.236975E-01  4.473270E+07
1  1995    9  8.332919E-01  4.473270E+07
1  1995   10  3.365485E-01  4.473270E+07
1  1995   11  1.268355E-01  4.473270E+07
1  1995   12  8.149023E-02  4.473270E+07
1  1996    1  4.078847E-02  4.473270E+07
1  1996    2  4.745943E-02  4.473270E+07
1  1996    3  6.596517E-02  4.473270E+07
1  1996    4  8.910540E-02  4.473270E+07
1  1996    5  1.492336E-01  4.473270E+07
1  1996    6  2.892167E-01  4.473270E+07
1  1996    7  3.629564E-01  4.473270E+07
1  1996    8  4.546884E-01  4.473270E+07
1  1996    9  5.223030E-01  4.473270E+07
1  1996   10  3.716033E-01  4.473270E+07
1  1996   11  1.117878E-01  4.473270E+07
1  1996   12  5.586829E-02  4.473270E+07
1  1997    1  3.547534E-02  4.473270E+07
1  1997    2  2.465798E-02  4.473270E+07
1  1997    3  3.732440E-02  4.473270E+07
1  1997    4  5.609130E-02  4.473270E+07
1  1997    5  1.206403E-01  4.473270E+07
1  1997    6  2.212530E-01  4.473270E+07
1  1997    7  3.090602E-01  4.473270E+07
1  1997    8  5.063304E-01  4.473270E+07
1  1997    9  5.535765E-01  4.473270E+07
1  1997   10  2.509606E-01  4.473270E+07
1  1997   11  9.029186E-02  4.473270E+07
1  1997   12  3.630051E-02  4.473270E+07
1  1998    1  2.153726E-02  4.473270E+07
1  1998    2  3.863242E-02  4.473270E+07
1  1998    3  3.665624E-02  4.473270E+07
1  1998    4  9.026649E-02  4.473270E+07
1  1998    5  1.423000E-01  4.473270E+07
1  1998    6  3.770505E-01  4.473270E+07
1  1998    7  5.224261E-01  4.473270E+07
1  1998    8  7.029482E-01  4.473270E+07
1  1998    9  6.504810E-01  4.473270E+07
1  1998   10  3.646285E-01  4.473270E+07
1  1998   11  1.272373E-01  4.473270E+07
1  1998   12  6.564952E-02  4.473270E+07
1  1999    1  3.037806E-02  4.473270E+07
1  1999    2  3.656247E-02  4.473270E+07
1  1999    3  4.052062E-02  4.473270E+07
1  1999    4  9.085397E-02  4.473270E+07
1  1999    5  1.415782E-01  4.473270E+07
1  1999    6  2.679870E-01  4.473270E+07
1  1999    7  4.282582E-01  4.473270E+07
1  1999    8  6.929277E-01  4.473270E+07
1  1999    9  6.906728E-01  4.473270E+07
1  1999   10  3.711084E-01  4.473270E+07
1  1999   11  1.058873E-01  4.473270E+07
1  1999   12  4.306492E-02  4.473270E+07
1  2000    1  4.074370E-02  4.473270E+07
1  2000    2  3.860211E-02  4.473270E+07
1  2000    3  5.489471E-02  4.473270E+07
1  2000    4  1.102192E-01  4.473270E+07
1  2000    5  1.399620E-01  4.473270E+07
1  2000    6  3.235560E-01  4.473270E+07
1  2000    7  3.601895E-01  4.473270E+07
1  2000    8  4.990291E-01  4.473270E+07
1  2000    9  4.298593E-01  4.473270E+07
1  2000   10  4.167944E-01  4.473270E+07
1  2000   11  6.725046E-02  4.473270E+07
1  2000   12  3.553939E-02  4.473270E+07
1  2001    1  3.736304E-02  4.473270E+07
1  2001    2  5.642843E-02  4.473270E+07
1  2001    3  4.872419E-02  4.473270E+07
1  2001    4  9.088822E-02  4.473270E+07
1  2001    5  1.186300E-01  4.473270E+07
1  2001    6  2.475536E-01  4.473270E+07
1  2001    7  3.398952E-01  4.473270E+07
1  2001    8  5.400546E-01  4.473270E+07
1  2001    9  6.221052E-01  4.473270E+07
1  2001   10  2.293579E-01  4.473270E+07
1  2001   11  1.041547E-01  4.473270E+07
1  2001   12  3.798773E-02  4.473270E+07
2  1980    1  1.168840E-01  2.405698E+07
2  1980    2  6.282911E-02  2.405698E+07
2  1980    3  9.221307E-02  2.405698E+07
2  1980    4  1.213425E-01  2.405698E+07
2  1980    5  2.781584E-01  2.405698E+07
2  1980    6  5.544794E-01  2.405698E+07
2  1980    7  7.314387E-01  2.405698E+07
2  1980    8  4.760278E-01  2.405698E+07
2  1980    9  3.592858E-01  2.405698E+07
2  1980   10  2.399732E-01  2.405698E+07
2  1980   11  4.353521E-01  2.405698E+07
2  1980   12  2.668940E-01  2.405698E+07
2  1981    1  5.354425E-02  2.405698E+07
2  1981    2  1.198480E-01  2.405698E+07
2  1981    3  1.189183E-01  2.405698E+07
2  1981    4  8.741672E-02  2.405698E+07
2  1981    5  3.220203E-01  2.405698E+07
2  1981    6  6.140758E-01  2.405698E+07
2  1981    7  8.077921E-01  2.405698E+07
2  1981    8  4.825775E-01  2.405698E+07
2  1981    9  4.259454E-01  2.405698E+07
2  1981   10  5.507454E-01  2.405698E+07
2  1981   11  5.467399E-01  2.405698E+07
2  1981   12  2.051435E-01  2.405698E+07
2  1982    1  9.757698E-02  2.405698E+07
2  1982    2  6.747886E-02  2.405698E+07
2  1982    3  1.399350E-01  2.405698E+07
2  1982    4  1.827998E-01  2.405698E+07
2  1982    5  2.341215E-01  2.405698E+07
2  1982    6  5.270448E-01  2.405698E+07
2  1982    7  4.099624E-01  2.405698E+07
2  1982    8  9.719725E-01  2.405698E+07
2  1982    9  4.925321E-01  2.405698E+07
2  1982   10  4.798274E-01  2.405698E+07
2  1982   11  3.211125E-01  2.405698E+07
2  1982   12  1.747951E-01  2.405698E+07
2  1983    1  1.677321E-01  2.405698E+07
2  1983    2  1.651759E-01  2.405698E+07
2  1983    3  3.315744E-01  2.405698E+07
2  1983    4  5.348669E-01  2.405698E+07
2  1983    5  5.548565E-01  2.405698E+07
2  1983    6  4.657153E-01  2.405698E+07
2  1983    7  8.357236E-01  2.405698E+07
2  1983    8  1.039111E+00  2.405698E+07
2  1983    9  4.577399E-01  2.405698E+07
2  1983   10  4.365734E-01  2.405698E+07
2  1983   11  3.243620E-01  2.405698E+07
2  1983   12  3.471164E-01  2.405698E+07
2  1984    1  1.234519E-01  2.405698E+07
2  1984    2  1.010152E-01  2.405698E+07
2  1984    3  1.465128E-01  2.405698E+07
2  1984    4  2.010857E-01  2.405698E+07
2  1984    5  2.996401E-01  2.405698E+07
2  1984    6  3.938729E-01  2.405698E+07
2  1984    7  5.403268E-01  2.405698E+07
2  1984    8  8.500328E-01  2.405698E+07
2  1984    9  4.034208E-01  2.405698E+07
2  1984   10  4.936412E-01  2.405698E+07
2  1984   11  3.086619E-01  2.405698E+07
2  1984   12  9.898811E-02  2.405698E+07
2  1985    1  7.471988E-02  2.405698E+07
2  1985    2  3.085942E-02  2.405698E+07
2  1985    3  4.915670E-02  2.405698E+07
2  1985    4  6.278934E-02  2.405698E+07
2  1985    5  2.721336E-01  2.405698E+07
2  1985    6  5.934590E-01  2.405698E+07
2  1985    7  8.108522E-01  2.405698E+07
2  1985    8  6.632178E-01  2.405698E+07
2  1985    9  3.454649E-01  2.405698E+07
2  1985   10  4.004846E-01  2.405698E+07
2  1985   11  2.846307E-01  2.405698E+07
2  1985   12  1.612492E-01  2.405698E+07
2  1986    1  6.445821E-02  2.405698E+07
2  1986    2  4.799082E-02  2.405698E+07
2  1986    3  5.223984E-02  2.405698E+07
2  1986    4  6.041490E-02  2.405698E+07
2  1986    5  1.429075E-01  2.405698E+07
2  1986    6  3.063031E-01  2.405698E+07
2  1986    7  8.025359E-01  2.405698E+07
2  1986    8  1.006919E+00  2.405698E+07
2  1986    9  4.647933E-01  2.405698E+07
2  1986   10  5.345660E-01  2.405698E+07
2  1986   11  5.277718E-01  2.405698E+07
2  1986   12  1.667870E-01  2.405698E+07
2  1987    1  8.510103E-02  2.405698E+07
2  1987    2  7.053245E-02  2.405698E+07
2  1987    3  1.209338E-01  2.405698E+07
2  1987    4  1.952641E-01  2.405698E+07
2  1987    5  3.194726E-01  2.405698E+07
2  1987    6  6.454419E-01  2.405698E+07
2  1987    7  1.034459E+00  2.405698E+07
2  1987    8  8.720698E-01  2.405698E+07
2  1987    9  7.444197E-01  2.405698E+07
2  1987   10  4.309127E-01  2.405698E+07
2  1987   11  3.498734E-01  2.405698E+07
2  1987   12  2.204204E-01  2.405698E+07
2  1988    1  1.470227E-01  2.405698E+07
2  1988    2  8.125184E-02  2.405698E+07
2  1988    3  1.164730E-01  2.405698E+07
2  1988    4  1.154341E-01  2.405698E+07
2  1988    5  2.247891E-01  2.405698E+07
2  1988    6  3.503380E-01  2.405698E+07
2  1988    7  4.740961E-01  2.405698E+07
2  1988    8  2.964149E-01  2.405698E+07
2  1988    9  5.355499E-01  2.405698E+07
2  1988   10  3.708300E-01  2.405698E+07
2  1988   11  3.096578E-01  2.405698E+07
2  1988   12  1.812800E-01  2.405698E+07
2  1989    1  8.709455E-02  2.405698E+07
2  1989    2  4.210818E-02  2.405698E+07
2  1989    3  4.498683E-02  2.405698E+07
2  1989    4  6.947231E-02  2.405698E+07
2  1989    5  2.114031E-01  2.405698E+07
2  1989    6  6.338747E-01  2.405698E+07
2  1989    7  8.843119E-01  2.405698E+07
2  1989    8  6.571239E-01  2.405698E+07
2  1989    9  6.550003E-01  2.405698E+07
2  1989   10  4.359138E-01  2.405698E+07
2  1989   11  3.207083E-01  2.405698E+07
2  1989   12  1.503379E-01  2.405698E+07
2  1990    1  7.790176E-02  2.405698E+07
2  1990    2  8.639155E-02  2.405698E+07
2  1990    3  8.008624E-02  2.405698E+07
2  1990    4  1.173121E-01  2.405698E+07
2  1990    5  3.281344E-01  2.405698E+07
2  1990    6  6.284431E-01  2.405698E+07
2  1990    7  7.481265E-01  2.405698E+07
2  1990    8  9.886674E-01  2.405698E+07
2  1990    9  5.136989E-01  2.405698E+07
2  1990   10  3.373960E-01  2.405698E+07
2  1990   11  4.421550E-01  2.405698E+07
2  1990   12  2.486610E-01  2.405698E+07
2  1991    1  7.862593E-02  2.405698E+07
2  1991    2  7.526036E-02  2.405698E+07
2  1991    3  1.254965E-01  2.405698E+07
2  1991    4  1.425231E-01  2.405698E+07
2  1991    5  1.659993E-01  2.405698E+07
2  1991    6  5.761588E-01  2.405698E+07
2  1991    7  8.964331E-01  2.405698E+07
2  1991    8  9.558926E-01  2.405698E+07
2  1991    9  7.199069E-01  2.405698E+07
2  1991   10  5.597157E-01  2.405698E+07
2  1991   11  3.603232E-01  2.405698E+07
2  1991   12  1.566524E-01  2.405698E+07
2  1992    1  5.773058E-02  2.405698E+07
2  1992    2  9.968954E-02  2.405698E+07
2  1992    3  1.772024E-01  2.405698E+07
2  1992    4  2.381023E-01  2.405698E+07
2  1992    5  5.121278E-01  2.405698E+07
2  1992    6  7.556340E-01  2.405698E+07
2  1992    7  6.943816E-01  2.405698E+07
2  1992    8  1.001341E+00  2.405698E+07
2  1992    9  6.713308E-01  2.405698E+07
2  1992   10  5.884244E-01  2.405698E+07
2  1992   11  4.730084E-01  2.405698E+07
2  1992   12  2.349628E-01  2.405698E+07
2  1993    1  9.613789E-02  2.405698E+07
2  1993    2  1.497744E-01  2.405698E+07
2  1993    3  1.501779E-01  2.405698E+07
2  1993    4  3.447353E-01  2.405698E+07
2  1993    5  4.204035E-01  2.405698E+07
2  1993    6  7.187442E-01  2.405698E+07
2  1993    7  9.604849E-01  2.405698E+07
2  1993    8  7.688917E-01  2.405698E+07
2  1993    9  7.438462E-01  2.405698E+07
2  1993   10  3.845368E-01  2.405698E+07
2  1993   11  4.890366E-01  2.405698E+07
2  1993   12  3.086916E-01  2.405698E+07
2  1994    1  1.502342E-01  2.405698E+07
2  1994    2  1.071503E-01  2.405698E+07
2  1994    3  7.776545E-02  2.405698E+07
2  1994    4  1.408530E-01  2.405698E+07
2  1994    5  2.160003E-01  2.405698E+07
2  1994    6  5.255027E-01  2.405698E+07
2  1994    7  1.125031E+00  2.405698E+07
2  1994    8  9.460106E-01  2.405698E+07
2  1994    9  5.213756E-01  2.405698E+07
2  1994   10  5.604395E-01  2.405698E+07
2  1994   11  3.026865E-01  2.405698E+07
2  1994   12  2.639124E-01  2.405698E+07
2  1995    1  1.805997E-01  2.405698E+07
2  1995    2  9.366938E-02  2.405698E+07
2  1995    3  1.048920E-01  2.405698E+07
2  1995    4  1.829209E-01  2.405698E+07
2  1995    5  2.429435E-01  2.405698E+07
2  1995    6  3.460076E-01  2.405698E+07
2  1995    7  8.231032E-01  2.405698E+07
2  1995    8  4.453565E-01  2.405698E+07
2  1995    9  3.877404E-01  2.405698E+07
2  1995   10  4.313457E-01  2.405698E+07
2  1995   11  3.634157E-01  2.405698E+07
2  1995   12  2.484111E-01  2.405698E+07
2  1996    1  1.339342E-01  2.405698E+07
2  1996    2  5.563964E-02  2.405698E+07
2  1996    3  7.350378E-02  2.405698E+07
2  1996    4  1.330109E-01  2.405698E+07
2  1996    5  3.259418E-01  2.405698E+07
2  1996    6  3.526092E-01  2.405698E+07
2  1996    7  9.145771E-01  2.405698E+07
2  1996    8  7.835944E-01  2.405698E+07
2  1996    9  4.182703E-01  2.405698E+07
2  1996   10  3.070356E-01  2.405698E+07
2  1996   11  4.480845E-01  2.405698E+07
2  1996   12  1.167125E-01  2.405698E+07
2  1997    1  1.440014E-01  2.405698E+07
2  1997    2  1.121647E-01  2.405698E+07
2  1997    3  1.545817E-01  2.405698E+07
2  1997    4  1.396784E-01  2.405698E+07
2  1997    5  4.243317E-01  2.405698E+07
2  1997    6  4.599835E-01  2.405698E+07
2  1997    7  5.427765E-01  2.405698E+07
2  1997    8  7.640857E-01  2.405698E+07
2  1997    9  5.519660E-01  2.405698E+07
2  1997   10  7.200608E-01  2.405698E+07
2  1997   11  4.483652E-01  2.405698E+07
2  1997   12  4.051726E-01  2.405698E+07
2  1998    1  2.813082E-01  2.405698E+07
2  1998    2  3.222423E-01  2.405698E+07
2  1998    3  4.319863E-01  2.405698E+07
2  1998    4  4.054230E-01  2.405698E+07
2  1998    5  5.356016E-01  2.405698E+07
2  1998    6  5.940089E-01  2.405698E+07
2  1998    7  1.006652E+00  2.405698E+07
2  1998    8  1.009703E+00  2.405698E+07
2  1998    9  2.255880E-01  2.405698E+07
2  1998   10  4.497145E-01  2.405698E+07
2  1998   11  2.657808E-01  2.405698E+07
2  1998   12  1.664723E-01  2.405698E+07
2  1999    1  8.282888E-02  2.405698E+07
2  1999    2  5.094719E-02  2.405698E+07
2  1999    3  1.050422E-01  2.405698E+07
2  1999    4  1.303893E-01  2.405698E+07
2  1999    5  2.044242E-01  2.405698E+07
2  1999    6  4.764913E-01  2.405698E+07
2  1999    7  5.366363E-01  2.405698E+07
2  1999    8  5.119379E-01  2.405698E+07
2  1999    9  2.093624E-01  2.405698E+07
2  1999   10  2.597099E-01  2.405698E+07
2  1999   11  2.235854E-01  2.405698E+07
2  1999   12  1.779220E-01  2.405698E+07
2  2000    1  1.239556E-01  2.405698E+07
2  2000    2  5.697063E-02  2.405698E+07
2  2000    3  6.027297E-02  2.405698E+07
2  2000    4  6.991532E-02  2.405698E+07
2  2000    5  3.024267E-01  2.405698E+07
2  2000    6  6.651574E-01  2.405698E+07
2  2000    7  8.583987E-01  2.405698E+07
2  2000    8  9.271657E-01  2.405698E+07
2  2000    9  6.496673E-01  2.405698E+07
2  2000   10  4.228915E-01  2.405698E+07
2  2000   11  4.969877E-01  2.405698E+07
2  2000   12  1.713056E-01  2.405698E+07
2  2001    1  6.722015E-02  2.405698E+07
2  2001    2  4.997575E-02  2.405698E+07
2  2001    3  5.248118E-02  2.405698E+07
2  2001    4  1.045841E-01  2.405698E+07
2  2001    5  2.225144E-01  2.405698E+07
2  2001    6  6.195724E-01  2.405698E+07
2  2001    7  7.800170E-01  2.405698E+07
2  2001    8  9.937542E-01  2.405698E+07
2  2001    9  5.241488E-01  2.405698E+07
2  2001   10  5.437710E-01  2.405698E+07
2  2001   11  3.276153E-01  2.405698E+07
2  2001   12  1.479069E-01  2.405698E+07
3  1980    1  9.866823E-02  2.053423E+07
3  1980    2  1.165541E-01  2.053423E+07
3  1980    3  7.390173E-02  2.053423E+07
3  1980    4  8.743144E-02  2.053423E+07
3  1980    5  2.127863E-01  2.053423E+07
3  1980    6  3.004846E-01  2.053423E+07
3  1980    7  5.889634E-01  2.053423E+07
3  1980    8  3.056590E-01  2.053423E+07
3  1980    9  2.901820E-01  2.053423E+07
3  1980   10  2.431054E-01  2.053423E+07
3  1980   11  1.395566E-01  2.053423E+07
3  1980   12  6.776410E-02  2.053423E+07
3  1981    1  8.028897E-02  2.053423E+07
3  1981    2  6.264538E-02  2.053423E+07
3  1981    3  6.345970E-02  2.053423E+07
3  1981    4  5.765709E-02  2.053423E+07
3  1981    5  8.447018E-02  2.053423E+07
3  1981    6  1.728155E-01  2.053423E+07
3  1981    7  3.132671E-01  2.053423E+07
3  1981    8  5.454928E-01  2.053423E+07
3  1981    9  4.008578E-01  2.053423E+07
3  1981   10  4.601748E-01  2.053423E+07
3  1981   11  2.457300E-01  2.053423E+07
3  1981   12  8.810732E-02  2.053423E+07
3  1982    1  8.153870E-02  2.053423E+07
3  1982    2  5.008759E-02  2.053423E+07
3  1982    3  7.705909E-02  2.053423E+07
3  1982    4  1.629206E-01  2.053423E+07
3  1982    5  2.291130E-01  2.053423E+07
3  1982    6  9.141672E-01  2.053423E+07
3  1982    7  8.286958E-01  2.053423E+07
3  1982    8  9.070602E-01  2.053423E+07
3  1982    9  7.102415E-01  2.053423E+07
3  1982   10  3.445284E-01  2.053423E+07
3  1982   11  4.328232E-01  2.053423E+07
3  1982   12  3.337164E-01  2.053423E+07
3  1983    1  2.072770E-01  2.053423E+07
3  1983    2  1.385599E-01  2.053423E+07
3  1983    3  1.665961E-01  2.053423E+07
3  1983    4  1.173519E-01  2.053423E+07
3  1983    5  3.258691E-01  2.053423E+07
3  1983    6  2.844552E-01  2.053423E+07
3  1983    7  4.230161E-01  2.053423E+07
3  1983    8  5.385703E-01  2.053423E+07
3  1983    9  2.168386E-01  2.053423E+07
3  1983   10  1.839983E-01  2.053423E+07
3  1983   11  7.502054E-02  2.053423E+07
3  1983   12  5.682766E-02  2.053423E+07
3  1984    1  5.437915E-02  2.053423E+07
3  1984    2  7.081325E-02  2.053423E+07
3  1984    3  3.656242E-02  2.053423E+07
3  1984    4  5.174070E-02  2.053423E+07
3  1984    5  9.652079E-02  2.053423E+07
3  1984    6  1.733350E-01  2.053423E+07
3  1984    7  3.586144E-01  2.053423E+07
3  1984    8  5.095108E-01  2.053423E+07
3  1984    9  3.550526E-01  2.053423E+07
3  1984   10  2.759622E-01  2.053423E+07
3  1984   11  5.905603E-02  2.053423E+07
3  1984   12  5.232539E-02  2.053423E+07
3  1985    1  5.991041E-02  2.053423E+07
3  1985    2  5.429106E-02  2.053423E+07
3  1985    3  4.080667E-02  2.053423E+07
3  1985    4  6.633706E-02  2.053423E+07
3  1985    5  7.635600E-02  2.053423E+07
3  1985    6  2.276411E-01  2.053423E+07
3  1985    7  3.929323E-01  2.053423E+07
3  1985    8  4.570147E-01  2.053423E+07
3  1985    9  5.893757E-01  2.053423E+07
3  1985   10  1.914213E-01  2.053423E+07
3  1985   11  1.790774E-01  2.053423E+07
3  1985   12  6.608037E-02  2.053423E+07
3  1986    1  7.988914E-02  2.053423E+07
3  1986    2  5.455540E-02  2.053423E+07
3  1986    3  6.178166E-02  2.053423E+07
3  1986    4  9.843048E-02  2.053423E+07
3  1986    5  1.024275E-01  2.053423E+07
3  1986    6  2.757111E-01  2.053423E+07
3  1986    7  6.926523E-01  2.053423E+07
3  1986    8  6.705858E-01  2.053423E+07
3  1986    9  5.388142E-01  2.053423E+07
3  1986   10  5.355240E-01  2.053423E+07
3  1986   11  2.101977E-01  2.053423E+07
3  1986   12  1.104374E-01  2.053423E+07
3  1987    1  6.392515E-02  2.053423E+07
3  1987    2  2.127144E-01  2.053423E+07
3  1987    3  1.125434E-01  2.053423E+07
3  1987    4  2.099943E-01  2.053423E+07
3  1987    5  3.633994E-01  2.053423E+07
3  1987    6  5.613828E-01  2.053423E+07
3  1987    7  6.370224E-01  2.053423E+07
3  1987    8  8.844665E-01  2.053423E+07
3  1987    9  6.289877E-01  2.053423E+07
3  1987   10  4.832806E-01  2.053423E+07
3  1987   11  2.056125E-01  2.053423E+07
3  1987   12  1.181537E-01  2.053423E+07
3  1988    1  7.063988E-02  2.053423E+07
3  1988    2  7.936603E-02  2.053423E+07
3  1988    3  3.829346E-02  2.053423E+07
3  1988    4  5.931547E-02  2.053423E+07
3  1988    5  9.090590E-02  2.053423E+07
3  1988    6  1.774902E-01  2.053423E+07
3  1988    7  2.992336E-01  2.053423E+07
3  1988    8  3.848740E-01  2.053423E+07
3  1988    9  4.040268E-01  2.053423E+07
3  1988   10  2.592023E-01  2.053423E+07
3  1988   11  1.109613E-01  2.053423E+07
3  1988   12  6.664246E-02  2.053423E+07
3  1989    1  4.914882E-02  2.053423E+07
3  1989    2  5.708228E-02  2.053423E+07
3  1989    3  3.431481E-02  2.053423E+07
3  1989    4  5.990778E-02  2.053423E+07
3  1989    5  1.029199E-01  2.053423E+07
3  1989    6  1.905786E-01  2.053423E+07
3  1989    7  2.750928E-01  2.053423E+07
3  1989    8  3.671342E-01  2.053423E+07
3  1989    9  3.917692E-01  2.053423E+07
3  1989   10  2.889906E-01  2.053423E+07
3  1989   11  1.309258E-01  2.053423E+07
3  1989   12  6.552508E-02  2.053423E+07
3  1990    1  7.567470E-02  2.053423E+07
3  1990    2  7.120297E-02  2.053423E+07
3  1990    3  1.189343E-01  2.053423E+07
3  1990    4  1.026728E-01  2.053423E+07
3  1990    5  2.081166E-01  2.053423E+07
3  1990    6  2.194744E-01  2.053423E+07
3  1990    7  3.965743E-01  2.053423E+07
3  1990    8  4.643076E-01  2.053423E+07
3  1990    9  5.317008E-01  2.053423E+07
3  1990   10  5.145597E-01  2.053423E+07
3  1990   11  2.124178E-01  2.053423E+07
3  1990   12  1.418198E-01  2.053423E+07
3  1991    1  1.367760E-01  2.053423E+07
3  1991    2  1.479595E-01  2.053423E+07
3  1991    3  1.073228E-01  2.053423E+07
3  1991    4  1.014423E-01  2.053423E+07
3  1991    5  2.019934E-01  2.053423E+07
3  1991    6  5.799478E-01  2.053423E+07
3  1991    7  6.113675E-01  2.053423E+07
3  1991    8  1.029747E+00  2.053423E+07
3  1991    9  6.300859E-01  2.053423E+07
3  1991   10  3.850031E-01  2.053423E+07
3  1991   11  1.846480E-01  2.053423E+07
3  1991   12  2.317285E-01  2.053423E+07
3  1992    1  3.773543E-01  2.053423E+07
3  1992    2  2.701108E-01  2.053423E+07
3  1992    3  3.530826E-01  2.053423E+07
3  1992    4  1.833562E-01  2.053423E+07
3  1992    5  5.050233E-01  2.053423E+07
3  1992    6  2.831638E-01  2.053423E+07
3  1992    7  5.604686E-01  2.053423E+07
3  1992    8  8.765132E-01  2.053423E+07
3  1992    9  6.992109E-01  2.053423E+07
3  1992   10  4.291728E-01  2.053423E+07
3  1992   11  1.999140E-01  2.053423E+07
3  1992   12  1.090122E-01  2.053423E+07
3  1993    1  1.005662E-01  2.053423E+07
3  1993    2  7.278057E-02  2.053423E+07
3  1993    3  5.784870E-02  2.053423E+07
3  1993    4  1.562292E-01  2.053423E+07
3  1993    5  3.597602E-01  2.053423E+07
3  1993    6  2.518653E-01  2.053423E+07
3  1993    7  5.024470E-01  2.053423E+07
3  1993    8  6.181735E-01  2.053423E+07
3  1993    9  5.652831E-01  2.053423E+07
3  1993   10  3.144621E-01  2.053423E+07
3  1993   11  2.843516E-01  2.053423E+07
3  1993   12  8.318325E-02  2.053423E+07
3  1994    1  6.877077E-02  2.053423E+07
3  1994    2  5.368922E-02  2.053423E+07
3  1994    3  7.533543E-02  2.053423E+07
3  1994    4  1.194101E-01  2.053423E+07
3  1994    5  1.423285E-01  2.053423E+07
3  1994    6  2.436839E-01  2.053423E+07
3  1994    7  5.910496E-01  2.053423E+07
3  1994    8  7.506866E-01  2.053423E+07
3  1994    9  5.464329E-01  2.053423E+07
3  1994   10  3.348019E-01  2.053423E+07
3  1994   11  1.967647E-01  2.053423E+07
3  1994   12  1.864124E-01  2.053423E+07
3  1995    1  2.078199E-01  2.053423E+07
3  1995    2  1.038776E-01  2.053423E+07
3  1995    3  8.475175E-02  2.053423E+07
3  1995    4  9.578087E-02  2.053423E+07
3  1995    5  1.842594E-01  2.053423E+07
3  1995    6  2.172001E-01  2.053423E+07
3  1995    7  4.536419E-01  2.053423E+07
3  1995    8  3.941545E-01  2.053423E+07
3  1995    9  3.859087E-01  2.053423E+07
3  1995   10  2.381237E-01  2.053423E+07
3  1995   11  1.300323E-01  2.053423E+07
3  1995   12  7.836383E-02  2.053423E+07
3  1996    1  7.956310E-02  2.053423E+07
3  1996    2  5.807159E-02  2.053423E+07
3  1996    3  6.315894E-02  2.053423E+07
3  1996    4  6.326634E-02  2.053423E+07
3  1996    5  7.279042E-02  2.053423E+07
3  1996    6  2.003626E-01  2.053423E+07
3  1996    7  2.668828E-01  2.053423E+07
3  1996    8  5.076123E-01  2.053423E+07
3  1996    9  3.934098E-01  2.053423E+07
3  1996   10  2.641375E-01  2.053423E+07
3  1996   11  1.320069E-01  2.053423E+07
3  1996   12  8.568247E-02  2.053423E+07
3  1997    1  7.545000E-02  2.053423E+07
3  1997    2  6.989582E-02  2.053423E+07
3  1997    3  6.221144E-02  2.053423E+07
3  1997    4  1.490300E-01  2.053423E+07
3  1997    5  1.600385E-01  2.053423E+07
3  1997    6  6.270361E-01  2.053423E+07
3  1997    7  1.011308E+00  2.053423E+07
3  1997    8  1.112479E+00  2.053423E+07
3  1997    9  7.985542E-01  2.053423E+07
3  1997   10  7.051346E-01  2.053423E+07
3  1997   11  4.198760E-01  2.053423E+07
3  1997   12  2.462127E-01  2.053423E+07
3  1998    1  4.173059E-01  2.053423E+07
3  1998    2  1.548662E-01  2.053423E+07
3  1998    3  7.273451E-02  2.053423E+07
3  1998    4  7.050494E-02  2.053423E+07
3  1998    5  7.951761E-02  2.053423E+07
3  1998    6  2.023448E-01  2.053423E+07
3  1998    7  4.028797E-01  2.053423E+07
3  1998    8  3.929920E-01  2.053423E+07
3  1998    9  2.715848E-01  2.053423E+07
3  1998   10  1.211348E-01  2.053423E+07
3  1998   11  6.641567E-02  2.053423E+07
3  1998   12  3.716532E-02  2.053423E+07
3  1999    1  4.734196E-02  2.053423E+07
3  1999    2  3.213497E-02  2.053423E+07
3  1999    3  3.667652E-02  2.053423E+07
3  1999    4  3.556928E-02  2.053423E+07
3  1999    5  7.472365E-02  2.053423E+07
3  1999    6  1.829507E-01  2.053423E+07
3  1999    7  4.046744E-01  2.053423E+07
3  1999    8  4.839740E-01  2.053423E+07
3  1999    9  2.773546E-01  2.053423E+07
3  1999   10  1.641530E-01  2.053423E+07
3  1999   11  7.672624E-02  2.053423E+07
3  1999   12  4.639495E-02  2.053423E+07
3  2000    1  4.352447E-02  2.053423E+07
3  2000    2  3.842078E-02  2.053423E+07
3  2000    3  3.590924E-02  2.053423E+07
3  2000    4  5.148010E-02  2.053423E+07
3  2000    5  1.024341E-01  2.053423E+07
3  2000    6  1.273354E-01  2.053423E+07
3  2000    7  2.797984E-01  2.053423E+07
3  2000    8  4.300518E-01  2.053423E+07
3  2000    9  3.901536E-01  2.053423E+07
3  2000   10  2.229398E-01  2.053423E+07
3  2000   11  7.538982E-02  2.053423E+07
3  2000   12  5.661072E-02  2.053423E+07
3  2001    1  5.180779E-02  2.053423E+07
3  2001    2  5.891050E-02  2.053423E+07
3  2001    3  3.584336E-02  2.053423E+07
3  2001    4  6.241754E-02  2.053423E+07
3  2001    5  9.619240E-02  2.053423E+07
3  2001    6  1.347822E-01  2.053423E+07
3  2001    7  4.191329E-01  2.053423E+07
3  2001    8  6.235839E-01  2.053423E+07
3  2001    9  3.167030E-01  2.053423E+07
3  2001   10  2.017007E-01  2.053423E+07
3  2001   11  1.265631E-01  2.053423E+07
3  2001   12  7.690603E-02  2.053423E+07
4  1980    1  4.002254E-01  4.106847E+07
4  1980    2  2.932355E-01  4.106847E+07
4  1980    3  2.540247E-01  4.106847E+07
4  1980    4  4.242548E-01  4.106847E+07
4  1980    5  4.343482E-01  4.106847E+07
4  1980    6  8.798923E-01  4.106847E+07
4  1980    7  9.684902E-01  4.106847E+07
4  1980    8  9.099907E-01  4.106847E+07
4  1980    9  1.209580E+00  4.106847E+07
4  1980   10  5.527292E-01  4.106847E+07
4  1980   11  4.796773E-01  4.106847E+07
4  1980   12  6.181764E-01  4.106847E+07
4  1981    1  4.153502E-01  4.106847E+07
4  1981    2  3.165716E-01  4.106847E+07
4  1981    3  3.428252E-01  4.106847E+07
4  1981    4  3.847243E-01  4.106847E+07
4  1981    5  7.528052E-01  4.106847E+07
4  1981    6  1.156301E+00  4.106847E+07
4  1981    7  1.312388E+00  4.106847E+07
4  1981    8  1.176314E+00  4.106847E+07
4  1981    9  1.021021E+00  4.106847E+07
4  1981   10  7.972440E-01  4.106847E+07
4  1981   11  5.389715E-01  4.106847E+07
4  1981   12  6.789010E-01  4.106847E+07
4  1982    1  3.899647E-01  4.106847E+07
4  1982    2  4.308508E-01  4.106847E+07
4  1982    3  4.051721E-01  4.106847E+07
4  1982    4  5.153829E-01  4.106847E+07
4  1982    5  9.241397E-01  4.106847E+07
4  1982    6  1.074926E+00  4.106847E+07
4  1982    7  1.245603E+00  4.106847E+07
4  1982    8  1.122651E+00  4.106847E+07
4  1982    9  6.348961E-01  4.106847E+07
4  1982   10  3.573451E-01  4.106847E+07
4  1982   11  3.971466E-01  4.106847E+07
4  1982   12  4.609947E-01  4.106847E+07
4  1983    1  2.616737E-01  4.106847E+07
4  1983    2  1.554512E-01  4.106847E+07
4  1983    3  1.626922E-01  4.106847E+07
4  1983    4  1.549595E-01  4.106847E+07
4  1983    5  2.721960E-01  4.106847E+07
4  1983    6  6.704649E-01  4.106847E+07
4  1983    7  1.180585E+00  4.106847E+07
4  1983    8  1.389920E+00  4.106847E+07
4  1983    9  1.165741E+00  4.106847E+07
4  1983   10  1.039112E+00  4.106847E+07
4  1983   11  5.927219E-01  4.106847E+07
4  1983   12  4.115297E-01  4.106847E+07
4  1984    1  4.424071E-01  4.106847E+07
4  1984    2  2.859015E-01  4.106847E+07
4  1984    3  3.057677E-01  4.106847E+07
4  1984    4  3.405516E-01  4.106847E+07
4  1984    5  6.118605E-01  4.106847E+07
4  1984    6  8.927045E-01  4.106847E+07
4  1984    7  1.259701E+00  4.106847E+07
4  1984    8  1.313629E+00  4.106847E+07
4  1984    9  1.305356E+00  4.106847E+07
4  1984   10  8.594854E-01  4.106847E+07
4  1984   11  4.809813E-01  4.106847E+07
4  1984   12  5.147162E-01  4.106847E+07
4  1985    1  2.959923E-01  4.106847E+07
4  1985    2  3.103740E-01  4.106847E+07
4  1985    3  2.222741E-01  4.106847E+07
4  1985    4  3.937983E-01  4.106847E+07
4  1985    5  6.551490E-01  4.106847E+07
4  1985    6  8.095896E-01  4.106847E+07
4  1985    7  1.143178E+00  4.106847E+07
4  1985    8  1.175190E+00  4.106847E+07
4  1985    9  1.072615E+00  4.106847E+07
4  1985   10  4.054694E-01  4.106847E+07
4  1985   11  6.536764E-01  4.106847E+07
4  1985   12  5.710613E-01  4.106847E+07
4  1986    1  5.959015E-01  4.106847E+07
4  1986    2  3.774453E-01  4.106847E+07
4  1986    3  2.022986E-01  4.106847E+07
4  1986    4  2.674316E-01  4.106847E+07
4  1986    5  6.172817E-01  4.106847E+07
4  1986    6  8.622637E-01  4.106847E+07
4  1986    7  8.847578E-01  4.106847E+07
4  1986    8  1.191864E+00  4.106847E+07
4  1986    9  1.206592E+00  4.106847E+07
4  1986   10  5.727102E-01  4.106847E+07
4  1986   11  3.867534E-01  4.106847E+07
4  1986   12  4.113736E-01  4.106847E+07
4  1987    1  2.869442E-01  4.106847E+07
4  1987    2  1.990108E-01  4.106847E+07
4  1987    3  3.492035E-01  4.106847E+07
4  1987    4  3.699686E-01  4.106847E+07
4  1987    5  4.418083E-01  4.106847E+07
4  1987    6  8.595763E-01  4.106847E+07
4  1987    7  1.121544E+00  4.106847E+07
4  1987    8  1.342631E+00  4.106847E+07
4  1987    9  1.262128E+00  4.106847E+07
4  1987   10  5.882824E-01  4.106847E+07
4  1987   11  6.744267E-01  4.106847E+07
4  1987   12  6.184347E-01  4.106847E+07
4  1988    1  4.141339E-01  4.106847E+07
4  1988    2  3.973787E-01  4.106847E+07
4  1988    3  3.927654E-01  4.106847E+07
4  1988    4  3.537814E-01  4.106847E+07
4  1988    5  4.688864E-01  4.106847E+07
4  1988    6  6.375937E-01  4.106847E+07
4  1988    7  1.145211E+00  4.106847E+07
4  1988    8  1.428412E+00  4.106847E+07
4  1988    9  1.364518E+00  4.106847E+07
4  1988   10  8.928718E-01  4.106847E+07
4  1988   11  5.772088E-01  4.106847E+07
4  1988   12  2.994516E-01  4.106847E+07
4  1989    1  3.959343E-01  4.106847E+07
4  1989    2  2.280962E-01  4.106847E+07
4  1989    3  3.594487E-01  4.106847E+07
4  1989    4  4.654287E-01  4.106847E+07
4  1989    5  3.691106E-01  4.106847E+07
4  1989    6  7.755380E-01  4.106847E+07
4  1989    7  1.319252E+00  4.106847E+07
4  1989    8  1.292228E+00  4.106847E+07
4  1989    9  1.273438E+00  4.106847E+07
4  1989   10  9.263414E-01  4.106847E+07
4  1989   11  5.176159E-01  4.106847E+07
4  1989   12  3.762465E-01  4.106847E+07
4  1990    1  4.808089E-01  4.106847E+07
4  1990    2  4.331793E-01  4.106847E+07
4  1990    3  4.871877E-01  4.106847E+07
4  1990    4  4.096255E-01  4.106847E+07
4  1990    5  6.189371E-01  4.106847E+07
4  1990    6  9.947323E-01  4.106847E+07
4  1990    7  1.266381E+00  4.106847E+07
4  1990    8  1.444835E+00  4.106847E+07
4  1990    9  9.866959E-01  4.106847E+07
4  1990   10  4.500782E-01  4.106847E+07
4  1990   11  5.089368E-01  4.106847E+07
4  1990   12  4.420230E-01  4.106847E+07
4  1991    1  2.937075E-01  4.106847E+07
4  1991    2  3.276131E-01  4.106847E+07
4  1991    3  3.369626E-01  4.106847E+07
4  1991    4  4.075421E-01  4.106847E+07
4  1991    5  5.244528E-01  4.106847E+07
4  1991    6  9.951091E-01  4.106847E+07
4  1991    7  1.269136E+00  4.106847E+07
4  1991    8  1.716280E+00  4.106847E+07
4  1991    9  1.380195E+00  4.106847E+07
4  1991   10  7.953546E-01  4.106847E+07
4  1991   11  6.281356E-01  4.106847E+07
4  1991   12  3.577632E-01  4.106847E+07
4  1992    1  2.262076E-01  4.106847E+07
4  1992    2  1.137812E-01  4.106847E+07
4  1992    3  1.195505E-01  4.106847E+07
4  1992    4  2.270251E-01  4.106847E+07
4  1992    5  4.068472E-01  4.106847E+07
4  1992    6  5.223134E-01  4.106847E+07
4  1992    7  1.144561E+00  4.106847E+07
4  1992    8  1.227009E+00  4.106847E+07
4  1992    9  1.007232E+00  4.106847E+07
4  1992   10  5.474912E-01  4.106847E+07
4  1992   11  4.110272E-01  4.106847E+07
4  1992   12  5.120658E-01  4.106847E+07
4  1993    1  2.650599E-01  4.106847E+07
4  1993    2  3.544978E-01  4.106847E+07
4  1993    3  3.636297E-01  4.106847E+07
4  1993    4  2.372758E-01  4.106847E+07
4  1993    5  5.288256E-01  4.106847E+07
4  1993    6  8.662020E-01  4.106847E+07
4  1993    7  1.060655E+00  4.106847E+07
4  1993    8  8.278940E-01  4.106847E+07
4  1993    9  8.544765E-01  4.106847E+07
4  1993   10  3.062484E-01  4.106847E+07
4  1993   11  2.920538E-01  4.106847E+07
4  1993   12  3.987222E-01  4.106847E+07
4  1994    1  3.181109E-01  4.106847E+07
4  1994    2  4.185150E-01  4.106847E+07
4  1994    3  4.151096E-01  4.106847E+07
4  1994    4  3.843684E-01  4.106847E+07
4  1994    5  5.715629E-01  4.106847E+07
4  1994    6  8.550398E-01  4.106847E+07
4  1994    7  1.145271E+00  4.106847E+07
4  1994    8  1.295332E+00  4.106847E+07
4  1994    9  1.130405E+00  4.106847E+07
4  1994   10  5.688197E-01  4.106847E+07
4  1994   11  5.128705E-01  4.106847E+07
4  1994   12  6.118939E-01  4.106847E+07
4  1995    1  3.341839E-01  4.106847E+07
4  1995    2  4.015823E-01  4.106847E+07
4  1995    3  2.523423E-01  4.106847E+07
4  1995    4  3.698982E-01  4.106847E+07
4  1995    5  5.449809E-01  4.106847E+07
4  1995    6  8.267235E-01  4.106847E+07
4  1995    7  1.199509E+00  4.106847E+07
4  1995    8  1.571324E+00  4.106847E+07
4  1995    9  1.111768E+00  4.106847E+07
4  1995   10  5.144120E-01  4.106847E+07
4  1995   11  6.597438E-01  4.106847E+07
4  1995   12  6.529678E-01  4.106847E+07
4  1996    1  4.312938E-01  4.106847E+07
4  1996    2  4.269685E-01  4.106847E+07
4  1996    3  2.527567E-01  4.106847E+07
4  1996    4  3.841629E-01  4.106847E+07
4  1996    5  6.484683E-01  4.106847E+07
4  1996    6  7.465835E-01  4.106847E+07
4  1996    7  1.314896E+00  4.106847E+07
4  1996    8  1.427223E+00  4.106847E+07
4  1996    9  1.135828E+00  4.106847E+07
4  1996   10  6.496654E-01  4.106847E+07
4  1996   11  5.350507E-01  4.106847E+07
4  1996   12  5.326633E-01  4.106847E+07
4  1997    1  4.024539E-01  4.106847E+07
4  1997    2  3.849390E-01  4.106847E+07
4  1997    3  4.635181E-01  4.106847E+07
4  1997    4  2.669428E-01  4.106847E+07
4  1997    5  4.063842E-01  4.106847E+07
4  1997    6  9.985231E-01  4.106847E+07
4  1997    7  1.457002E+00  4.106847E+07
4  1997    8  1.398174E+00  4.106847E+07
4  1997    9  1.176522E+00  4.106847E+07
4  1997   10  6.480029E-01  4.106847E+07
4  1997   11  4.002555E-01  4.106847E+07
4  1997   12  3.846412E-01  4.106847E+07
4  1998    1  1.827405E-01  4.106847E+07
4  1998    2  1.077044E-01  4.106847E+07
4  1998    3  1.207969E-01  4.106847E+07
4  1998    4  1.501569E-01  4.106847E+07
4  1998    5  4.617046E-01  4.106847E+07
4  1998    6  5.529095E-01  4.106847E+07
4  1998    7  1.028375E+00  4.106847E+07
4  1998    8  1.553330E+00  4.106847E+07
4  1998    9  1.332109E+00  4.106847E+07
4  1998   10  1.277880E+00  4.106847E+07
4  1998   11  5.512949E-01  4.106847E+07
4  1998   12  5.061088E-01  4.106847E+07
4  1999    1  3.756163E-01  4.106847E+07
4  1999    2  2.559129E-01  4.106847E+07
4  1999    3  3.176078E-01  4.106847E+07
4  1999    4  3.339648E-01  4.106847E+07
4  1999    5  6.436822E-01  4.106847E+07
4  1999    6  9.019624E-01  4.106847E+07
4  1999    7  1.451503E+00  4.106847E+07
4  1999    8  1.396823E+00  4.106847E+07
4  1999    9  1.277870E+00  4.106847E+07
4  1999   10  8.614107E-01  4.106847E+07
4  1999   11  7.209662E-01  4.106847E+07
4  1999   12  6.363619E-01  4.106847E+07
4  2000    1  3.129249E-01  4.106847E+07
4  2000    2  2.535560E-01  4.106847E+07
4  2000    3  3.302040E-01  4.106847E+07
4  2000    4  4.773835E-01  4.106847E+07
4  2000    5  5.483391E-01  4.106847E+07
4  2000    6  9.089462E-01  4.106847E+07
4  2000    7  1.303677E+00  4.106847E+07
4  2000    8  1.560964E+00  4.106847E+07
4  2000    9  1.365874E+00  4.106847E+07
4  2000   10  7.325248E-01  4.106847E+07
4  2000   11  7.726891E-01  4.106847E+07
4  2000   12  5.889565E-01  4.106847E+07
4  2001    1  4.546452E-01  4.106847E+07
4  2001    2  3.401698E-01  4.106847E+07
4  2001    3  2.953393E-01  4.106847E+07
4  2001    4  5.609370E-01  4.106847E+07
4  2001    5  5.669232E-01  4.106847E+07
4  2001    6  1.156511E+00  4.106847E+07
4  2001    7  1.467712E+00  4.106847E+07
4  2001    8  1.327095E+00  4.106847E+07
4  2001    9  1.182789E+00  4.106847E+07
4  2001   10  1.113638E+00  4.106847E+07
4  2001   11  7.898244E-01  4.106847E+07
4  2001   12  5.059101E-01  4.106847E+07
5  1980    1  1.042301E-01  3.593491E+07
5  1980    2  9.307875E-02  3.593491E+07
5  1980    3  1.218814E-01  3.593491E+07
5  1980    4  1.295340E-01  3.593491E+07
5  1980    5  2.553581E-01  3.593491E+07
5  1980    6  1.957756E-01  3.593491E+07
5  1980    7  2.307009E-01  3.593491E+07
5  1980    8  2.051481E-01  3.593491E+07
5  1980    9  2.348230E-01  3.593491E+07
5  1980   10  2.795856E-01  3.593491E+07
5  1980   11  2.273417E-01  3.593491E+07
5  1980   12  2.092246E-01  3.593491E+07
5  1981    1  1.375517E-01  3.593491E+07
5  1981    2  1.202716E-01  3.593491E+07
5  1981    3  1.547431E-01  3.593491E+07
5  1981    4  1.075552E-01  3.593491E+07
5  1981    5  2.372809E-01  3.593491E+07
5  1981    6  1.838339E-01  3.593491E+07
5  1981    7  2.816204E-01  3.593491E+07
5  1981    8  2.273524E-01  3.593491E+07
5  1981    9  2.794573E-01  3.593491E+07
5  1981   10  3.470139E-01  3.593491E+07
5  1981   11  2.264317E-01  3.593491E+07
5  1981   12  1.164947E-01  3.593491E+07
5  1982    1  5.062094E-02  3.593491E+07
5  1982    2  7.150251E-02  3.593491E+07
5  1982    3  8.080149E-02  3.593491E+07
5  1982    4  1.459207E-01  3.593491E+07
5  1982    5  1.462723E-01  3.593491E+07
5  1982    6  1.693485E-01  3.593491E+07
5  1982    7  2.252126E-01  3.593491E+07
5  1982    8  2.594355E-01  3.593491E+07
5  1982    9  2.845068E-01  3.593491E+07
5  1982   10  3.936678E-01  3.593491E+07
5  1982   11  3.635093E-01  3.593491E+07
5  1982   12  8.644703E-02  3.593491E+07
5  1983    1  7.070241E-02  3.593491E+07
5  1983    2  6.346928E-02  3.593491E+07
5  1983    3  6.251618E-02  3.593491E+07
5  1983    4  1.574588E-01  3.593491E+07
5  1983    5  1.379206E-01  3.593491E+07
5  1983    6  2.215917E-01  3.593491E+07
5  1983    7  3.136971E-01  3.593491E+07
5  1983    8  4.027654E-01  3.593491E+07
5  1983    9  3.444048E-01  3.593491E+07
5  1983   10  3.140415E-01  3.593491E+07
5  1983   11  1.275612E-01  3.593491E+07
5  1983   12  2.209842E-01  3.593491E+07
5  1984    1  8.835965E-02  3.593491E+07
5  1984    2  1.158404E-01  3.593491E+07
5  1984    3  1.579381E-01  3.593491E+07
5  1984    4  1.045422E-01  3.593491E+07
5  1984    5  1.879364E-01  3.593491E+07
5  1984    6  1.747940E-01  3.593491E+07
5  1984    7  2.322144E-01  3.593491E+07
5  1984    8  2.474109E-01  3.593491E+07
5  1984    9  1.602736E-01  3.593491E+07
5  1984   10  1.111942E-01  3.593491E+07
5  1984   11  2.395596E-01  3.593491E+07
5  1984   12  1.097520E-01  3.593491E+07
5  1985    1  1.261770E-01  3.593491E+07
5  1985    2  4.584720E-02  3.593491E+07
5  1985    3  7.343008E-02  3.593491E+07
5  1985    4  1.006572E-01  3.593491E+07
5  1985    5  1.991886E-01  3.593491E+07
5  1985    6  2.053933E-01  3.593491E+07
5  1985    7  2.395377E-01  3.593491E+07
5  1985    8  2.268001E-01  3.593491E+07
5  1985    9  2.876359E-01  3.593491E+07
5  1985   10  2.303830E-01  3.593491E+07
5  1985   11  1.511304E-01  3.593491E+07
5  1985   12  1.355888E-01  3.593491E+07
5  1986    1  9.049963E-02  3.593491E+07
5  1986    2  1.541236E-01  3.593491E+07
5  1986    3  8.079325E-02  3.593491E+07
5  1986    4  1.208917E-01  3.593491E+07
5  1986    5  1.571186E-01  3.593491E+07
5  1986    6  2.346157E-01  3.593491E+07
5  1986    7  2.311494E-01  3.593491E+07
5  1986    8  2.778573E-01  3.593491E+07
5  1986    9  2.494087E-01  3.593491E+07
5  1986   10  2.508743E-01  3.593491E+07
5  1986   11  2.157886E-01  3.593491E+07
5  1986   12  1.901417E-01  3.593491E+07
5  1987    1  1.485426E-01  3.593491E+07
5  1987    2  4.219010E-02  3.593491E+07
5  1987    3  8.655542E-02  3.593491E+07
5  1987    4  9.707796E-02  3.593491E+07
5  1987    5  1.590897E-01  3.593491E+07
5  1987    6  1.902473E-01  3.593491E+07
5  1987    7  2.633352E-01  3.593491E+07
5  1987    8  2.965924E-01  3.593491E+07
5  1987    9  5.436864E-01  3.593491E+07
5  1987   10  2.728579E-01  3.593491E+07
5  1987   11  2.555499E-01  3.593491E+07
5  1987   12  1.411785E-01  3.593491E+07
5  1988    1  1.883213E-01  3.593491E+07
5  1988    2  1.383231E-01  3.593491E+07
5  1988    3  2.164095E-01  3.593491E+07
5  1988    4  1.901467E-01  3.593491E+07
5  1988    5  2.350344E-01  3.593491E+07
5  1988    6  2.173543E-01  3.593491E+07
5  1988    7  3.793689E-01  3.593491E+07
5  1988    8  3.828720E-01  3.593491E+07
5  1988    9  3.658659E-01  3.593491E+07
5  1988   10  2.614495E-01  3.593491E+07
5  1988   11  3.020636E-01  3.593491E+07
5  1988   12  1.245273E-01  3.593491E+07
5  1989    1  1.635659E-01  3.593491E+07
5  1989    2  1.118271E-01  3.593491E+07
5  1989    3  5.504909E-02  3.593491E+07
5  1989    4  2.156689E-01  3.593491E+07
5  1989    5  1.430266E-01  3.593491E+07
5  1989    6  1.361798E-01  3.593491E+07
5  1989    7  2.403369E-01  3.593491E+07
5  1989    8  3.529344E-01  3.593491E+07
5  1989    9  3.334216E-01  3.593491E+07
5  1989   10  1.994377E-01  3.593491E+07
5  1989   11  1.850304E-01  3.593491E+07
5  1989   12  1.729972E-01  3.593491E+07
5  1990    1  1.708683E-01  3.593491E+07
5  1990    2  1.914730E-01  3.593491E+07
5  1990    3  1.268856E-01  3.593491E+07
5  1990    4  8.116056E-02  3.593491E+07
5  1990    5  2.471176E-01  3.593491E+07
5  1990    6  1.312966E-01  3.593491E+07
5  1990    7  2.762564E-01  3.593491E+07
5  1990    8  2.996378E-01  3.593491E+07
5  1990    9  3.578730E-01  3.593491E+07
5  1990   10  2.976923E-01  3.593491E+07
5  1990   11  2.745351E-01  3.593491E+07
5  1990   12  2.817514E-01  3.593491E+07
5  1991    1  2.018697E-01  3.593491E+07
5  1991    2  1.154884E-01  3.593491E+07
5  1991    3  8.010060E-02  3.593491E+07
5  1991    4  1.357389E-01  3.593491E+07
5  1991    5  2.421720E-01  3.593491E+07
5  1991    6  1.884332E-01  3.593491E+07
5  1991    7  2.153726E-01  3.593491E+07
5  1991    8  3.149349E-01  3.593491E+07
5  1991    9  2.843738E-01  3.593491E+07
5  1991   10  3.320860E-01  3.593491E+07
5  1991   11  2.396188E-01  3.593491E+07
5  1991   12  1.653309E-01  3.593491E+07
5  1992    1  7.795198E-02  3.593491E+07
5  1992    2  3.603749E-02  3.593491E+07
5  1992    3  6.417720E-02  3.593491E+07
5  1992    4  1.224786E-01  3.593491E+07
5  1992    5  2.172612E-01  3.593491E+07
5  1992    6  2.427867E-01  3.593491E+07
5  1992    7  2.554462E-01  3.593491E+07
5  1992    8  2.811377E-01  3.593491E+07
5  1992    9  2.911939E-01  3.593491E+07
5  1992   10  3.228108E-01  3.593491E+07
5  1992   11  2.857269E-01  3.593491E+07
5  1992   12  1.452513E-01  3.593491E+07
5  1993    1  1.353081E-01  3.593491E+07
5  1993    2  2.249844E-01  3.593491E+07
5  1993    3  1.166136E-01  3.593491E+07
5  1993    4  1.325502E-01  3.593491E+07
5  1993    5  2.738307E-01  3.593491E+07
5  1993    6  2.242889E-01  3.593491E+07
5  1993    7  3.473712E-01  3.593491E+07
5  1993    8  2.899829E-01  3.593491E+07
5  1993    9  3.451791E-01  3.593491E+07
5  1993   10  2.029665E-01  3.593491E+07
5  1993   11  1.753590E-01  3.593491E+07
5  1993   12  2.006719E-01  3.593491E+07
5  1994    1  1.143992E-01  3.593491E+07
5  1994    2  1.958670E-01  3.593491E+07
5  1994    3  1.379559E-01  3.593491E+07
5  1994    4  1.124126E-01  3.593491E+07
5  1994    5  1.536911E-01  3.593491E+07
5  1994    6  1.625087E-01  3.593491E+07
5  1994    7  2.950190E-01  3.593491E+07
5  1994    8  3.405215E-01  3.593491E+07
5  1994    9  2.329618E-01  3.593491E+07
5  1994   10  3.546873E-01  3.593491E+07
5  1994   11  1.917111E-01  3.593491E+07
5  1994   12  1.686568E-01  3.593491E+07
5  1995    1  1.656734E-01  3.593491E+07
5  1995    2  9.046085E-02  3.593491E+07
5  1995    3  7.609110E-02  3.593491E+07
5  1995    4  1.200553E-01  3.593491E+07
5  1995    5  1.854829E-01  3.593491E+07
5  1995    6  2.359754E-01  3.593491E+07
5  1995    7  3.345951E-01  3.593491E+07
5  1995    8  3.483475E-01  3.593491E+07
5  1995    9  4.276763E-01  3.593491E+07
5  1995   10  2.459871E-01  3.593491E+07
5  1995   11  2.670681E-01  3.593491E+07
5  1995   12  1.573870E-01  3.593491E+07
5  1996    1  1.051579E-01  3.593491E+07
5  1996    2  8.113334E-02  3.593491E+07
5  1996    3  8.468369E-02  3.593491E+07
5  1996    4  1.085573E-01  3.593491E+07
5  1996    5  2.510245E-01  3.593491E+07
5  1996    6  1.802723E-01  3.593491E+07
5  1996    7  2.608990E-01  3.593491E+07
5  1996    8  4.021325E-01  3.593491E+07
5  1996    9  4.665729E-01  3.593491E+07
5  1996   10  2.325051E-01  3.593491E+07
5  1996   11  2.293480E-01  3.593491E+07
5  1996   12  1.189548E-01  3.593491E+07
5  1997    1  1.128783E-01  3.593491E+07
5  1997    2  1.696563E-01  3.593491E+07
5  1997    3  1.345989E-01  3.593491E+07
5  1997    4  1.437065E-01  3.593491E+07
5  1997    5  2.660021E-01  3.593491E+07
5  1997    6  2.802570E-01  3.593491E+07
5  1997    7  3.033116E-01  3.593491E+07
5  1997    8  2.627854E-01  3.593491E+07
5  1997    9  2.686325E-01  3.593491E+07
5  1997   10  4.494149E-01  3.593491E+07
5  1997   11  3.721160E-01  3.593491E+07
5  1997   12  1.821035E-01  3.593491E+07
5  1998    1  1.935794E-01  3.593491E+07
5  1998    2  6.907042E-02  3.593491E+07
5  1998    3  1.262836E-01  3.593491E+07
5  1998    4  1.429033E-01  3.593491E+07
5  1998    5  3.713389E-01  3.593491E+07
5  1998    6  3.414025E-01  3.593491E+07
5  1998    7  4.048767E-01  3.593491E+07
5  1998    8  3.444207E-01  3.593491E+07
5  1998    9  2.876007E-01  3.593491E+07
5  1998   10  3.424464E-01  3.593491E+07
5  1998   11  2.320575E-01  3.593491E+07
5  1998   12  1.419408E-01  3.593491E+07
5  1999    1  1.531252E-01  3.593491E+07
5  1999    2  1.056612E-01  3.593491E+07
5  1999    3  1.034828E-01  3.593491E+07
5  1999    4  1.079927E-01  3.593491E+07
5  1999    5  1.789941E-01  3.593491E+07
5  1999    6  1.648686E-01  3.593491E+07
5  1999    7  2.542132E-01  3.593491E+07
5  1999    8  3.997346E-01  3.593491E+07
5  1999    9  4.426845E-01  3.593491E+07
5  1999   10  3.382184E-01  3.593491E+07
5  1999   11  2.146489E-01  3.593491E+07
5  1999   12  9.280457E-02  3.593491E+07
5  2000    1  9.918519E-02  3.593491E+07
5  2000    2  7.682555E-02  3.593491E+07
5  2000    3  1.423496E-01  3.593491E+07
5  2000    4  8.357978E-02  3.593491E+07
5  2000    5  3.795375E-01  3.593491E+07
5  2000    6  2.624299E-01  3.593491E+07
5  2000    7  4.069574E-01  3.593491E+07
5  2000    8  4.408143E-01  3.593491E+07
5  2000    9  4.105085E-01  3.593491E+07
5  2000   10  3.415183E-01  3.593491E+07
5  2000   11  3.255365E-01  3.593491E+07
5  2000   12  1.515481E-01  3.593491E+07
5  2001    1  8.032935E-02  3.593491E+07
5  2001    2  1.226875E-01  3.593491E+07
5  2001    3  7.210424E-02  3.593491E+07
5  2001    4  1.547668E-01  3.593491E+07
5  2001    5  3.088331E-01  3.593491E+07
5  2001    6  1.625874E-01  3.593491E+07
5  2001    7  2.121395E-01  3.593491E+07
5  2001    8  2.406396E-01  3.593491E+07
5  2001    9  3.041500E-01  3.593491E+07
5  2001   10  1.524528E-01  3.593491E+07
5  2001   11  2.143891E-01  3.593491E+07
5  2001   12  1.561836E-01  3.593491E+07
6  1980    1  3.049343E-01  5.081705E+07
6  1980    2  2.644643E-01  5.081705E+07
6  1980    3  4.164108E-01  5.081705E+07
6  1980    4  2.750080E-01  5.081705E+07
6  1980    5  2.891161E-01  5.081705E+07
6  1980    6  1.291640E-01  5.081705E+07
6  1980    7  2.164984E-01  5.081705E+07
6  1980    8  2.255247E-01  5.081705E+07
6  1980    9  2.600468E-01  5.081705E+07
6  1980   10  3.198611E-01  5.081705E+07
6  1980   11  2.843696E-01  5.081705E+07
6  1980   12  2.813554E-01  5.081705E+07
6  1981    1  3.597349E-01  5.081705E+07
6  1981    2  4.155411E-01  5.081705E+07
6  1981    3  4.247120E-01  5.081705E+07
6  1981    4  4.436104E-01  5.081705E+07
6  1981    5  2.043001E-01  5.081705E+07
6  1981    6  1.087878E-01  5.081705E+07
6  1981    7  1.355683E-01  5.081705E+07
6  1981    8  2.190082E-01  5.081705E+07
6  1981    9  1.954065E-01  5.081705E+07
6  1981   10  2.522041E-01  5.081705E+07
6  1981   11  2.945520E-01  5.081705E+07
6  1981   12  2.940676E-01  5.081705E+07
6  1982    1  2.764074E-01  5.081705E+07
6  1982    2  5.216225E-01  5.081705E+07
6  1982    3  4.543642E-01  5.081705E+07
6  1982    4  3.678366E-01  5.081705E+07
6  1982    5  1.497750E-01  5.081705E+07
6  1982    6  5.282453E-02  5.081705E+07
6  1982    7  3.198305E-02  5.081705E+07
6  1982    8  5.038924E-02  5.081705E+07
6  1982    9  1.749654E-01  5.081705E+07
6  1982   10  1.863035E-01  5.081705E+07
6  1982   11  2.059990E-01  5.081705E+07
6  1982   12  3.015470E-01  5.081705E+07
6  1983    1  4.744356E-01  5.081705E+07
6  1983    2  5.142748E-01  5.081705E+07
6  1983    3  5.052611E-01  5.081705E+07
6  1983    4  4.007952E-01  5.081705E+07
6  1983    5  2.660807E-01  5.081705E+07
6  1983    6  1.742446E-01  5.081705E+07
6  1983    7  2.073172E-01  5.081705E+07
6  1983    8  1.893691E-01  5.081705E+07
6  1983    9  2.044035E-01  5.081705E+07
6  1983   10  3.034808E-01  5.081705E+07
6  1983   11  2.538955E-01  5.081705E+07
6  1983   12  3.412639E-01  5.081705E+07
6  1984    1  4.268322E-01  5.081705E+07
6  1984    2  4.171575E-01  5.081705E+07
6  1984    3  4.291573E-01  5.081705E+07
6  1984    4  3.285239E-01  5.081705E+07
6  1984    5  2.229239E-01  5.081705E+07
6  1984    6  2.382843E-01  5.081705E+07
6  1984    7  1.245781E-01  5.081705E+07
6  1984    8  1.088974E-01  5.081705E+07
6  1984    9  1.908391E-01  5.081705E+07
6  1984   10  1.430856E-01  5.081705E+07
6  1984   11  3.938619E-01  5.081705E+07
6  1984   12  3.001294E-01  5.081705E+07
6  1985    1  5.969437E-01  5.081705E+07
6  1985    2  5.459972E-01  5.081705E+07
6  1985    3  2.451331E-01  5.081705E+07
6  1985    4  3.993910E-01  5.081705E+07
6  1985    5  1.988286E-01  5.081705E+07
6  1985    6  1.676343E-01  5.081705E+07
6  1985    7  2.238232E-01  5.081705E+07
6  1985    8  1.610533E-01  5.081705E+07
6  1985    9  1.556261E-01  5.081705E+07
6  1985   10  2.124596E-01  5.081705E+07
6  1985   11  2.573384E-01  5.081705E+07
6  1985   12  2.757902E-01  5.081705E+07
6  1986    1  4.053491E-01  5.081705E+07
6  1986    2  4.049945E-01  5.081705E+07
6  1986    3  3.250808E-01  5.081705E+07
6  1986    4  2.938629E-01  5.081705E+07
6  1986    5  1.471686E-01  5.081705E+07
6  1986    6  1.745851E-01  5.081705E+07
6  1986    7  1.951920E-01  5.081705E+07
6  1986    8  1.244151E-01  5.081705E+07
6  1986    9  6.284128E-02  5.081705E+07
6  1986   10  1.945429E-01  5.081705E+07
6  1986   11  3.166100E-01  5.081705E+07
6  1986   12  3.474435E-01  5.081705E+07
6  1987    1  3.150808E-01  5.081705E+07
6  1987    2  2.450918E-01  5.081705E+07
6  1987    3  3.726105E-01  5.081705E+07
6  1987    4  3.742622E-01  5.081705E+07
6  1987    5  2.182711E-01  5.081705E+07
6  1987    6  1.427761E-01  5.081705E+07
6  1987    7  1.026244E-01  5.081705E+07
6  1987    8  6.238513E-02  5.081705E+07
6  1987    9  1.402068E-01  5.081705E+07
6  1987   10  2.340211E-01  5.081705E+07
6  1987   11  2.457118E-01  5.081705E+07
6  1987   12  1.851212E-01  5.081705E+07
6  1988    1  3.038927E-01  5.081705E+07
6  1988    2  5.015762E-01  5.081705E+07
6  1988    3  7.568227E-01  5.081705E+07
6  1988    4  4.891304E-01  5.081705E+07
6  1988    5  3.222663E-01  5.081705E+07
6  1988    6  1.779560E-01  5.081705E+07
6  1988    7  2.217779E-01  5.081705E+07
6  1988    8  1.901650E-01  5.081705E+07
6  1988    9  2.347675E-01  5.081705E+07
6  1988   10  2.636544E-01  5.081705E+07
6  1988   11  3.072899E-01  5.081705E+07
6  1988   12  3.754601E-01  5.081705E+07
6  1989    1  5.289187E-01  5.081705E+07
6  1989    2  3.958511E-01  5.081705E+07
6  1989    3  4.424433E-01  5.081705E+07
6  1989    4  3.428892E-01  5.081705E+07
6  1989    5  2.507357E-01  5.081705E+07
6  1989    6  2.262925E-01  5.081705E+07
6  1989    7  1.956717E-01  5.081705E+07
6  1989    8  1.424172E-01  5.081705E+07
6  1989    9  1.709920E-01  5.081705E+07
6  1989   10  1.519453E-01  5.081705E+07
6  1989   11  2.106186E-01  5.081705E+07
6  1989   12  5.025989E-01  5.081705E+07
6  1990    1  3.550382E-01  5.081705E+07
6  1990    2  4.989663E-01  5.081705E+07
6  1990    3  5.011864E-01  5.081705E+07
6  1990    4  2.831749E-01  5.081705E+07
6  1990    5  2.412879E-01  5.081705E+07
6  1990    6  1.605363E-01  5.081705E+07
6  1990    7  1.377997E-01  5.081705E+07
6  1990    8  1.740029E-01  5.081705E+07
6  1990    9  1.750802E-01  5.081705E+07
6  1990   10  1.721682E-01  5.081705E+07
6  1990   11  3.305349E-01  5.081705E+07
6  1990   12  5.073792E-01  5.081705E+07
6  1991    1  4.573007E-01  5.081705E+07
6  1991    2  3.279232E-01  5.081705E+07
6  1991    3  4.232262E-01  5.081705E+07
6  1991    4  4.549279E-01  5.081705E+07
6  1991    5  2.044729E-01  5.081705E+07
6  1991    6  1.633302E-01  5.081705E+07
6  1991    7  1.538097E-01  5.081705E+07
6  1991    8  5.142762E-02  5.081705E+07
6  1991    9  6.236647E-02  5.081705E+07
6  1991   10  2.170695E-01  5.081705E+07
6  1991   11  2.444548E-01  5.081705E+07
6  1991   12  2.656893E-01  5.081705E+07
6  1992    1  3.923638E-01  5.081705E+07
6  1992    2  5.102796E-01  5.081705E+07
6  1992    3  4.354039E-01  5.081705E+07
6  1992    4  3.484441E-01  5.081705E+07
6  1992    5  2.665142E-01  5.081705E+07
6  1992    6  2.665332E-01  5.081705E+07
6  1992    7  2.953373E-01  5.081705E+07
6  1992    8  6.535049E-02  5.081705E+07
6  1992    9  1.901208E-01  5.081705E+07
6  1992   10  2.207741E-01  5.081705E+07
6  1992   11  2.998300E-01  5.081705E+07
6  1992   12  2.489899E-01  5.081705E+07
6  1993    1  3.005523E-01  5.081705E+07
6  1993    2  4.087884E-01  5.081705E+07
6  1993    3  4.495223E-01  5.081705E+07
6  1993    4  3.773941E-01  5.081705E+07
6  1993    5  1.637404E-01  5.081705E+07
6  1993    6  1.591805E-01  5.081705E+07
6  1993    7  1.567504E-01  5.081705E+07
6  1993    8  2.145952E-01  5.081705E+07
6  1993    9  1.878875E-01  5.081705E+07
6  1993   10  2.401491E-01  5.081705E+07
6  1993   11  3.325475E-01  5.081705E+07
6  1993   12  3.760511E-01  5.081705E+07
6  1994    1  4.860362E-01  5.081705E+07
6  1994    2  6.480873E-01  5.081705E+07
6  1994    3  4.203411E-01  5.081705E+07
6  1994    4  2.836353E-01  5.081705E+07
6  1994    5  2.156677E-01  5.081705E+07
6  1994    6  8.568531E-02  5.081705E+07
6  1994    7  9.154326E-02  5.081705E+07
6  1994    8  7.363141E-02  5.081705E+07
6  1994    9  1.173559E-01  5.081705E+07
6  1994   10  2.270729E-01  5.081705E+07
6  1994   11  2.765523E-01  5.081705E+07
6  1994   12  4.051504E-01  5.081705E+07
6  1995    1  3.215130E-01  5.081705E+07
6  1995    2  3.261952E-01  5.081705E+07
6  1995    3  2.429307E-01  5.081705E+07
6  1995    4  2.331504E-01  5.081705E+07
6  1995    5  2.641791E-01  5.081705E+07
6  1995    6  2.133316E-01  5.081705E+07
6  1995    7  1.563984E-01  5.081705E+07
6  1995    8  1.927071E-01  5.081705E+07
6  1995    9  2.661430E-01  5.081705E+07
6  1995   10  2.944339E-01  5.081705E+07
6  1995   11  2.877992E-01  5.081705E+07
6  1995   12  3.190295E-01  5.081705E+07
6  1996    1  3.514839E-01  5.081705E+07
6  1996    2  4.670890E-01  5.081705E+07
6  1996    3  4.372105E-01  5.081705E+07
6  1996    4  3.564003E-01  5.081705E+07
6  1996    5  2.815570E-01  5.081705E+07
6  1996    6  2.416217E-01  5.081705E+07
6  1996    7  1.314992E-01  5.081705E+07
6  1996    8  1.092778E-01  5.081705E+07
6  1996    9  2.628428E-01  5.081705E+07
6  1996   10  3.299695E-01  5.081705E+07
6  1996   11  3.162449E-01  5.081705E+07
6  1996   12  4.317821E-01  5.081705E+07
6  1997    1  5.256014E-01  5.081705E+07
6  1997    2  4.349542E-01  5.081705E+07
6  1997    3  2.926045E-01  5.081705E+07
6  1997    4  3.191020E-01  5.081705E+07
6  1997    5  2.802060E-01  5.081705E+07
6  1997    6  1.847915E-01  5.081705E+07
6  1997    7  4.439930E-02  5.081705E+07
6  1997    8  3.078677E-02  5.081705E+07
6  1997    9  5.157369E-02  5.081705E+07
6  1997   10  1.211296E-01  5.081705E+07
6  1997   11  1.821587E-01  5.081705E+07
6  1997   12  1.885208E-01  5.081705E+07
6  1998    1  3.409609E-01  5.081705E+07
6  1998    2  3.730986E-01  5.081705E+07
6  1998    3  3.855998E-01  5.081705E+07
6  1998    4  5.539702E-01  5.081705E+07
6  1998    5  3.780879E-01  5.081705E+07
6  1998    6  3.209120E-01  5.081705E+07
6  1998    7  2.480720E-01  5.081705E+07
6  1998    8  2.929750E-01  5.081705E+07
6  1998    9  2.352967E-01  5.081705E+07
6  1998   10  4.012653E-01  5.081705E+07
6  1998   11  2.733606E-01  5.081705E+07
6  1998   12  2.835064E-01  5.081705E+07
6  1999    1  4.634440E-01  5.081705E+07
6  1999    2  6.010654E-01  5.081705E+07
6  1999    3  5.368626E-01  5.081705E+07
6  1999    4  4.075493E-01  5.081705E+07
6  1999    5  2.427123E-01  5.081705E+07
6  1999    6  2.361272E-01  5.081705E+07
6  1999    7  1.585361E-01  5.081705E+07
6  1999    8  1.717322E-01  5.081705E+07
6  1999    9  2.123325E-01  5.081705E+07
6  1999   10  2.437004E-01  5.081705E+07
6  1999   11  3.110888E-01  5.081705E+07
6  1999   12  2.508580E-01  5.081705E+07
6  2000    1  4.597017E-01  5.081705E+07
6  2000    2  4.124023E-01  5.081705E+07
6  2000    3  2.941150E-01  5.081705E+07
6  2000    4  3.782061E-01  5.081705E+07
6  2000    5  1.964108E-01  5.081705E+07
6  2000    6  1.774339E-01  5.081705E+07
6  2000    7  1.631546E-01  5.081705E+07
6  2000    8  1.375780E-01  5.081705E+07
6  2000    9  1.711719E-01  5.081705E+07
6  2000   10  2.281281E-01  5.081705E+07
6  2000   11  2.551706E-01  5.081705E+07
6  2000   12  2.565223E-01  5.081705E+07
6  2001    1  4.237955E-01  5.081705E+07
6  2001    2  3.051960E-01  5.081705E+07
6  2001    3  4.339308E-01  5.081705E+07
6  2001    4  3.168774E-01  5.081705E+07
6  2001    5  3.905918E-01  5.081705E+07
6  2001    6  2.357846E-01  5.081705E+07
6  2001    7  1.650031E-01  5.081705E+07
6  2001    8  2.008070E-01  5.081705E+07
6  2001    9  2.235304E-01  5.081705E+07
6  2001   10  2.386316E-01  5.081705E+07
6  2001   11  1.847350E-01  5.081705E+07
6  2001   12  3.071132E-01  5.081705E+07
7  1980    1  3.990189E-01  7.622558E+07
7  1980    2  5.226870E-01  7.622558E+07
7  1980    3  5.306195E-01  7.622558E+07
7  1980    4  2.606803E-01  7.622558E+07
7  1980    5  1.888174E-01  7.622558E+07
7  1980    6  1.932820E-01  7.622558E+07
7  1980    7  1.677047E-01  7.622558E+07
7  1980    8  1.248501E-01  7.622558E+07
7  1980    9  1.172534E-01  7.622558E+07
7  1980   10  1.299860E-01  7.622558E+07
7  1980   11  2.027187E-01  7.622558E+07
7  1980   12  3.074688E-01  7.622558E+07
7  1981    1  3.049474E-01  7.622558E+07
7  1981    2  3.241353E-01  7.622558E+07
7  1981    3  2.864076E-01  7.622558E+07
7  1981    4  1.758093E-01  7.622558E+07
7  1981    5  1.142486E-01  7.622558E+07
7  1981    6  1.657070E-01  7.622558E+07
7  1981    7  1.141172E-01  7.622558E+07
7  1981    8  1.167320E-01  7.622558E+07
7  1981    9  1.906373E-01  7.622558E+07
7  1981   10  1.274474E-01  7.622558E+07
7  1981   11  1.748030E-01  7.622558E+07
7  1981   12  3.567331E-01  7.622558E+07
7  1982    1  4.558058E-01  7.622558E+07
7  1982    2  3.860005E-01  7.622558E+07
7  1982    3  3.129176E-01  7.622558E+07
7  1982    4  1.898052E-01  7.622558E+07
7  1982    5  2.351144E-01  7.622558E+07
7  1982    6  2.783910E-01  7.622558E+07
7  1982    7  1.979218E-01  7.622558E+07
7  1982    8  2.015342E-01  7.622558E+07
7  1982    9  1.933387E-01  7.622558E+07
7  1982   10  1.676384E-01  7.622558E+07
7  1982   11  1.899374E-01  7.622558E+07
7  1982   12  4.169688E-01  7.622558E+07
7  1983    1  5.208890E-01  7.622558E+07
7  1983    2  5.388030E-01  7.622558E+07
7  1983    3  4.119969E-01  7.622558E+07
7  1983    4  3.917951E-01  7.622558E+07
7  1983    5  1.890748E-01  7.622558E+07
7  1983    6  1.819498E-01  7.622558E+07
7  1983    7  1.294290E-01  7.622558E+07
7  1983    8  8.601234E-02  7.622558E+07
7  1983    9  6.515564E-02  7.622558E+07
7  1983   10  9.205122E-02  7.622558E+07
7  1983   11  1.950005E-01  7.622558E+07
7  1983   12  2.843144E-01  7.622558E+07
7  1984    1  3.987082E-01  7.622558E+07
7  1984    2  4.093795E-01  7.622558E+07
7  1984    3  4.961815E-01  7.622558E+07
7  1984    4  2.805887E-01  7.622558E+07
7  1984    5  2.469582E-01  7.622558E+07
7  1984    6  1.656869E-01  7.622558E+07
7  1984    7  1.352592E-01  7.622558E+07
7  1984    8  1.226921E-01  7.622558E+07
7  1984    9  1.420998E-01  7.622558E+07
7  1984   10  1.531637E-01  7.622558E+07
7  1984   11  1.505932E-01  7.622558E+07
7  1984   12  2.664945E-01  7.622558E+07
7  1985    1  2.826522E-01  7.622558E+07
7  1985    2  4.637005E-01  7.622558E+07
7  1985    3  5.363128E-01  7.622558E+07
7  1985    4  1.886186E-01  7.622558E+07
7  1985    5  1.305227E-01  7.622558E+07
7  1985    6  1.179763E-01  7.622558E+07
7  1985    7  1.351841E-01  7.622558E+07
7  1985    8  9.049892E-02  7.622558E+07
7  1985    9  1.118278E-01  7.622558E+07
7  1985   10  1.474362E-01  7.622558E+07
7  1985   11  1.821076E-01  7.622558E+07
7  1985   12  3.091085E-01  7.622558E+07
7  1986    1  4.161876E-01  7.622558E+07
7  1986    2  4.328314E-01  7.622558E+07
7  1986    3  4.715604E-01  7.622558E+07
7  1986    4  2.270519E-01  7.622558E+07
7  1986    5  2.257219E-01  7.622558E+07
7  1986    6  1.794409E-01  7.622558E+07
7  1986    7  9.257212E-02  7.622558E+07
7  1986    8  1.160108E-01  7.622558E+07
7  1986    9  1.867063E-01  7.622558E+07
7  1986   10  1.997315E-01  7.622558E+07
7  1986   11  2.860086E-01  7.622558E+07
7  1986   12  2.453385E-01  7.622558E+07
7  1987    1  3.276699E-01  7.622558E+07
7  1987    2  5.886584E-01  7.622558E+07
7  1987    3  3.755749E-01  7.622558E+07
7  1987    4  2.941517E-01  7.622558E+07
7  1987    5  2.627620E-01  7.622558E+07
7  1987    6  2.158589E-01  7.622558E+07
7  1987    7  1.814507E-01  7.622558E+07
7  1987    8  1.688800E-01  7.622558E+07
7  1987    9  1.624657E-01  7.622558E+07
7  1987   10  1.803141E-01  7.622558E+07
7  1987   11  3.161235E-01  7.622558E+07
7  1987   12  4.149079E-01  7.622558E+07
7  1988    1  4.366622E-01  7.622558E+07
7  1988    2  3.501282E-01  7.622558E+07
7  1988    3  2.829299E-01  7.622558E+07
7  1988    4  2.087472E-01  7.622558E+07
7  1988    5  1.717359E-01  7.622558E+07
7  1988    6  9.796385E-02  7.622558E+07
7  1988    7  9.311854E-02  7.622558E+07
7  1988    8  5.815956E-02  7.622558E+07
7  1988    9  6.480945E-02  7.622558E+07
7  1988   10  9.226045E-02  7.622558E+07
7  1988   11  2.055651E-01  7.622558E+07
7  1988   12  2.785602E-01  7.622558E+07
7  1989    1  3.383369E-01  7.622558E+07
7  1989    2  3.961052E-01  7.622558E+07
7  1989    3  3.176154E-01  7.622558E+07
7  1989    4  1.592665E-01  7.622558E+07
7  1989    5  1.154293E-01  7.622558E+07
7  1989    6  1.227909E-01  7.622558E+07
7  1989    7  8.796369E-02  7.622558E+07
7  1989    8  7.529216E-02  7.622558E+07
7  1989    9  6.370195E-02  7.622558E+07
7  1989   10  1.310852E-01  7.622558E+07
7  1989   11  2.038044E-01  7.622558E+07
7  1989   12  2.674123E-01  7.622558E+07
7  1990    1  4.358461E-01  7.622558E+07
7  1990    2  3.961127E-01  7.622558E+07
7  1990    3  2.782193E-01  7.622558E+07
7  1990    4  2.158411E-01  7.622558E+07
7  1990    5  1.632024E-01  7.622558E+07
7  1990    6  1.216685E-01  7.622558E+07
7  1990    7  1.358654E-01  7.622558E+07
7  1990    8  1.631098E-01  7.622558E+07
7  1990    9  1.655738E-01  7.622558E+07
7  1990   10  1.706173E-01  7.622558E+07
7  1990   11  2.087219E-01  7.622558E+07
7  1990   12  3.225488E-01  7.622558E+07
7  1991    1  5.220078E-01  7.622558E+07
7  1991    2  5.133338E-01  7.622558E+07
7  1991    3  2.469554E-01  7.622558E+07
7  1991    4  2.326840E-01  7.622558E+07
7  1991    5  1.669089E-01  7.622558E+07
7  1991    6  2.157297E-01  7.622558E+07
7  1991    7  1.718162E-01  7.622558E+07
7  1991    8  1.730901E-01  7.622558E+07
7  1991    9  2.007709E-01  7.622558E+07
7  1991   10  1.921427E-01  7.622558E+07
7  1991   11  2.791314E-01  7.622558E+07
7  1991   12  3.931897E-01  7.622558E+07
7  1992    1  5.014778E-01  7.622558E+07
7  1992    2  5.043411E-01  7.622558E+07
7  1992    3  5.369130E-01  7.622558E+07
7  1992    4  2.465854E-01  7.622558E+07
7  1992    5  2.232640E-01  7.622558E+07
7  1992    6  1.195219E-01  7.622558E+07
7  1992    7  1.764910E-01  7.622558E+07
7  1992    8  2.216965E-01  7.622558E+07
7  1992    9  1.823975E-01  7.622558E+07
7  1992   10  1.937304E-01  7.622558E+07
7  1992   11  2.035187E-01  7.622558E+07
7  1992   12  3.052066E-01  7.622558E+07
7  1993    1  2.784325E-01  7.622558E+07
7  1993    2  3.347997E-01  7.622558E+07
7  1993    3  3.035866E-01  7.622558E+07
7  1993    4  2.770285E-01  7.622558E+07
7  1993    5  2.235454E-01  7.622558E+07
7  1993    6  1.412155E-01  7.622558E+07
7  1993    7  1.413582E-01  7.622558E+07
7  1993    8  1.451130E-01  7.622558E+07
7  1993    9  1.092683E-01  7.622558E+07
7  1993   10  1.353954E-01  7.622558E+07
7  1993   11  1.417143E-01  7.622558E+07
7  1993   12  2.159318E-01  7.622558E+07
7  1994    1  3.614401E-01  7.622558E+07
7  1994    2  2.608001E-01  7.622558E+07
7  1994    3  4.028240E-01  7.622558E+07
7  1994    4  4.194565E-01  7.622558E+07
7  1994    5  2.616106E-01  7.622558E+07
7  1994    6  2.103406E-01  7.622558E+07
7  1994    7  2.025025E-01  7.622558E+07
7  1994    8  2.111004E-01  7.622558E+07
7  1994    9  1.607316E-01  7.622558E+07
7  1994   10  1.185553E-01  7.622558E+07
7  1994   11  2.287888E-01  7.622558E+07
7  1994   12  2.216914E-01  7.622558E+07
7  1995    1  4.745439E-01  7.622558E+07
7  1995    2  4.762839E-01  7.622558E+07
7  1995    3  4.807538E-01  7.622558E+07
7  1995    4  2.666882E-01  7.622558E+07
7  1995    5  2.273372E-01  7.622558E+07
7  1995    6  1.341209E-01  7.622558E+07
7  1995    7  1.292374E-01  7.622558E+07
7  1995    8  1.180703E-01  7.622558E+07
7  1995    9  1.172532E-01  7.622558E+07
7  1995   10  9.785686E-02  7.622558E+07
7  1995   11  1.726609E-01  7.622558E+07
7  1995   12  3.898031E-01  7.622558E+07
7  1996    1  4.140444E-01  7.622558E+07
7  1996    2  4.936248E-01  7.622558E+07
7  1996    3  3.894405E-01  7.622558E+07
7  1996    4  2.649776E-01  7.622558E+07
7  1996    5  1.527056E-01  7.622558E+07
7  1996    6  1.309673E-01  7.622558E+07
7  1996    7  9.940365E-02  7.622558E+07
7  1996    8  1.245043E-01  7.622558E+07
7  1996    9  8.212092E-02  7.622558E+07
7  1996   10  1.098033E-01  7.622558E+07
7  1996   11  1.847427E-01  7.622558E+07
7  1996   12  3.437235E-01  7.622558E+07
7  1997    1  3.254839E-01  7.622558E+07
7  1997    2  4.102465E-01  7.622558E+07
7  1997    3  4.398341E-01  7.622558E+07
7  1997    4  2.213720E-01  7.622558E+07
7  1997    5  1.266206E-01  7.622558E+07
7  1997    6  1.663725E-01  7.622558E+07
7  1997    7  1.462114E-01  7.622558E+07
7  1997    8  1.740422E-01  7.622558E+07
7  1997    9  1.959789E-01  7.622558E+07
7  1997   10  1.736514E-01  7.622558E+07
7  1997   11  3.289003E-01  7.622558E+07
7  1997   12  4.363489E-01  7.622558E+07
7  1998    1  6.124570E-01  7.622558E+07
7  1998    2  6.252418E-01  7.622558E+07
7  1998    3  4.220624E-01  7.622558E+07
7  1998    4  4.869503E-01  7.622558E+07
7  1998    5  1.877482E-01  7.622558E+07
7  1998    6  1.039521E-01  7.622558E+07
7  1998    7  9.184312E-02  7.622558E+07
7  1998    8  1.012093E-01  7.622558E+07
7  1998    9  1.002582E-01  7.622558E+07
7  1998   10  1.037284E-01  7.622558E+07
7  1998   11  2.000720E-01  7.622558E+07
7  1998   12  2.792170E-01  7.622558E+07
7  1999    1  4.200932E-01  7.622558E+07
7  1999    2  3.886617E-01  7.622558E+07
7  1999    3  4.629431E-01  7.622558E+07
7  1999    4  3.937047E-01  7.622558E+07
7  1999    5  1.331136E-01  7.622558E+07
7  1999    6  1.237644E-01  7.622558E+07
7  1999    7  8.292481E-02  7.622558E+07
7  1999    8  7.757752E-02  7.622558E+07
7  1999    9  7.831883E-02  7.622558E+07
7  1999   10  9.497415E-02  7.622558E+07
7  1999   11  1.823018E-01  7.622558E+07
7  1999   12  3.204311E-01  7.622558E+07
7  2000    1  3.926427E-01  7.622558E+07
7  2000    2  6.566495E-01  7.622558E+07
7  2000    3  4.403795E-01  7.622558E+07
7  2000    4  2.675596E-01  7.622558E+07
7  2000    5  1.186495E-01  7.622558E+07
7  2000    6  1.034968E-01  7.622558E+07
7  2000    7  7.704969E-02  7.622558E+07
7  2000    8  8.151527E-02  7.622558E+07
7  2000    9  7.826329E-02  7.622558E+07
7  2000   10  9.329092E-02  7.622558E+07
7  2000   11  2.044119E-01  7.622558E+07
7  2000   12  4.076042E-01  7.622558E+07
7  2001    1  4.696974E-01  7.622558E+07
7  2001    2  5.790680E-01  7.622558E+07
7  2001    3  5.798650E-01  7.622558E+07
7  2001    4  2.191634E-01  7.622558E+07
7  2001    5  1.275446E-01  7.622558E+07
7  2001    6  1.235297E-01  7.622558E+07
7  2001    7  1.122521E-01  7.622558E+07
7  2001    8  1.137210E-01  7.622558E+07
7  2001    9  1.415350E-01  7.622558E+07
7  2001   10  2.080509E-01  7.622558E+07
7  2001   11  3.174509E-01  7.622558E+07
7  2001   12  3.176186E-01  7.622558E+07
