1  1981    1  3.050886E-02  4.473270E+07
1  1981    2  3.323378E-02  4.473270E+07
1  1981    3  5.687943E-02  4.473270E+07
1  1981    4  6.384268E-02  4.473270E+07
1  1981    5  1.752706E-01  4.473270E+07
1  1981    6  2.486337E-01  4.473270E+07
1  1981    7  4.428454E-01  4.473270E+07
1  1981    8  5.680814E-01  4.473270E+07
1  1981    9  5.535052E-01  4.473270E+07
1  1981   10  3.342500E-01  4.473270E+07
1  1981   11  1.017496E-01  4.473270E+07
1  1981   12  5.842856E-02  4.473270E+07
1  1982    1  3.238707E-02  4.473270E+07
1  1982    2  4.422627E-02  4.473270E+07
1  1982    3  5.034365E-02  4.473270E+07
1  1982    4  5.646912E-02  4.473270E+07
1  1982    5  1.591649E-01  4.473270E+07
1  1982    6  1.872560E-01  4.473270E+07
1  1982    7  3.142828E-01  4.473270E+07
1  1982    8  4.706406E-01  4.473270E+07
1  1982    9  4.040983E-01  4.473270E+07
1  1982   10  2.400335E-01  4.473270E+07
1  1982   11  7.155285E-02  4.473270E+07
1  1982   12  3.821941E-02  4.473270E+07
1  1983    1  2.830136E-02  4.473270E+07
1  1983    2  2.772201E-02  4.473270E+07
1  1983    3  3.292200E-02  4.473270E+07
1  1983    4  7.192589E-02  4.473270E+07
1  1983    5  1.096732E-01  4.473270E+07
1  1983    6  3.139121E-01  4.473270E+07
1  1983    7  3.460658E-01  4.473270E+07
1  1983    8  4.290011E-01  4.473270E+07
1  1983    9  4.636291E-01  4.473270E+07
1  1983   10  2.938660E-01  4.473270E+07
1  1983   11  1.291169E-01  4.473270E+07
1  1983   12  5.222382E-02  4.473270E+07
1  1984    1  3.287244E-02  4.473270E+07
1  1984    2  4.444332E-02  4.473270E+07
1  1984    3  5.017403E-02  4.473270E+07
1  1984    4  5.947033E-02  4.473270E+07
1  1984    5  1.164928E-01  4.473270E+07
1  1984    6  2.433080E-01  4.473270E+07
1  1984    7  3.418901E-01  4.473270E+07
1  1984    8  4.598128E-01  4.473270E+07
1  1984    9  3.599479E-01  4.473270E+07
1  1984   10  2.122352E-01  4.473270E+07
1  1984   11  7.718936E-02  4.473270E+07
1  1984   12  5.406155E-02  4.473270E+07
1  1985    1  2.979369E-02  4.473270E+07
1  1985    2  2.117392E-02  4.473270E+07
1  1985    3  3.608334E-02  4.473270E+07
1  1985    4  8.624747E-02  4.473270E+07
1  1985    5  1.035683E-01  4.473270E+07
1  1985    6  3.199751E-01  4.473270E+07
1  1985    7  3.981891E-01  4.473270E+07
1  1985    8  5.274044E-01  4.473270E+07
1  1985    9  5.105946E-01  4.473270E+07
1  1985   10  3.584543E-01  4.473270E+07
1  1985   11  7.774847E-02  4.473270E+07
1  1985   12  3.980057E-02  4.473270E+07
1  1986    1  2.674412E-02  4.473270E+07
1  1986    2  2.299289E-02  4.473270E+07
1  1986    3  4.561865E-02  4.473270E+07
1  1986    4  7.444344E-02  4.473270E+07
1  1986    5  9.267810E-02  4.473270E+07
1  1986    6  2.382542E-01  4.473270E+07
1  1986    7  2.993259E-01  4.473270E+07
1  1986    8  4.277762E-01  4.473270E+07
1  1986    9  3.228989E-01  4.473270E+07
1  1986   10  1.530281E-01  4.473270E+07
1  1986   11  9.962685E-02  4.473270E+07
1  1986   12  3.288098E-02  4.473270E+07
1  1987    1  2.029835E-02  4.473270E+07
1  1987    2  3.003791E-02  4.473270E+07
1  1987    3  5.355796E-02  4.473270E+07
1  1987    4  4.491304E-02  4.473270E+07
1  1987    5  1.272089E-01  4.473270E+07
1  1987    6  2.845077E-01  4.473270E+07
1  1987    7  5.049608E-01  4.473270E+07
1  1987    8  6.107979E-01  4.473270E+07
1  1987    9  4.720288E-01  4.473270E+07
1  1987   10  2.637457E-01  4.473270E+07
1  1987   11  1.097959E-01  4.473270E+07
1  1987   12  6.383377E-02  4.473270E+07
1  1988    1  3.747055E-02  4.473270E+07
1  1988    2  1.853797E-02  4.473270E+07
1  1988    3  2.250861E-02  4.473270E+07
1  1988    4  6.975765E-02  4.473270E+07
1  1988    5  1.290920E-01  4.473270E+07
1  1988    6  4.219208E-01  4.473270E+07
1  1988    7  4.569376E-01  4.473270E+07
1  1988    8  6.232755E-01  4.473270E+07
1  1988    9  5.498969E-01  4.473270E+07
1  1988   10  2.018193E-01  4.473270E+07
1  1988   11  1.156414E-01  4.473270E+07
1  1988   12  5.677212E-02  4.473270E+07
1  1989    1  2.843294E-02  4.473270E+07
1  1989    2  3.055912E-02  4.473270E+07
1  1989    3  3.880196E-02  4.473270E+07
1  1989    4  7.005245E-02  4.473270E+07
1  1989    5  1.179012E-01  4.473270E+07
1  1989    6  1.969561E-01  4.473270E+07
1  1989    7  3.732461E-01  4.473270E+07
1  1989    8  5.496529E-01  4.473270E+07
1  1989    9  4.073137E-01  4.473270E+07
1  1989   10  1.671989E-01  4.473270E+07
1  1989   11  1.618743E-01  4.473270E+07
1  1989   12  3.471978E-02  4.473270E+07
1  1990    1  3.511346E-02  4.473270E+07
1  1990    2  2.196741E-02  4.473270E+07
1  1990    3  3.022441E-02  4.473270E+07
1  1990    4  6.539102E-02  4.473270E+07
1  1990    5  9.948184E-02  4.473270E+07
1  1990    6  2.638117E-01  4.473270E+07
1  1990    7  3.576372E-01  4.473270E+07
1  1990    8  4.661791E-01  4.473270E+07
1  1990    9  4.618489E-01  4.473270E+07
1  1990   10  3.083412E-01  4.473270E+07
1  1990   11  9.499828E-02  4.473270E+07
1  1990   12  4.234920E-02  4.473270E+07
1  1991    1  2.447897E-02  4.473270E+07
1  1991    2  4.225879E-02  4.473270E+07
1  1991    3  5.480682E-02  4.473270E+07
1  1991    4  5.629973E-02  4.473270E+07
1  1991    5  8.904330E-02  4.473270E+07
1  1991    6  2.172776E-01  4.473270E+07
1  1991    7  3.365635E-01  4.473270E+07
1  1991    8  5.010873E-01  4.473270E+07
1  1991    9  4.295342E-01  4.473270E+07
1  1991   10  2.567897E-01  4.473270E+07
1  1991   11  1.199131E-01  4.473270E+07
1  1991   12  3.905091E-02  4.473270E+07
1  1992    1  3.755534E-02  4.473270E+07
1  1992    2  2.748481E-02  4.473270E+07
1  1992    3  3.289751E-02  4.473270E+07
1  1992    4  4.741780E-02  4.473270E+07
1  1992    5  8.961703E-02  4.473270E+07
1  1992    6  3.073966E-01  4.473270E+07
1  1992    7  3.008064E-01  4.473270E+07
1  1992    8  3.558374E-01  4.473270E+07
1  1992    9  4.670147E-01  4.473270E+07
1  1992   10  3.212392E-01  4.473270E+07
1  1992   11  1.192957E-01  4.473270E+07
1  1992   12  5.470520E-02  4.473270E+07
1  1993    1  3.916590E-02  4.473270E+07
1  1993    2  3.963529E-02  4.473270E+07
1  1993    3  3.752184E-02  4.473270E+07
1  1993    4  5.789534E-02  4.473270E+07
1  1993    5  1.317904E-01  4.473270E+07
1  1993    6  2.576847E-01  4.473270E+07
1  1993    7  3.065121E-01  4.473270E+07
1  1993    8  5.028298E-01  4.473270E+07
1  1993    9  4.275129E-01  4.473270E+07
1  1993   10  3.466821E-01  4.473270E+07
1  1993   11  1.464457E-01  4.473270E+07
1  1993   12  6.017775E-02  4.473270E+07
1  1994    1  3.378836E-02  4.473270E+07
1  1994    2  2.935880E-02  4.473270E+07
1  1994    3  4.983313E-02  4.473270E+07
1  1994    4  8.352259E-02  4.473270E+07
1  1994    5  1.148702E-01  4.473270E+07
1  1994    6  2.382648E-01  4.473270E+07
1  1994    7  2.930950E-01  4.473270E+07
1  1994    8  3.781563E-01  4.473270E+07
1  1994    9  5.212022E-01  4.473270E+07
1  1994   10  3.081673E-01  4.473270E+07
1  1994   11  1.181370E-01  4.473270E+07
1  1994   12  5.668904E-02  4.473270E+07
1  1995    1  2.546651E-02  4.473270E+07
1  1995    2  3.773123E-02  4.473270E+07
1  1995    3  5.567040E-02  4.473270E+07
1  1995    4  6.362291E-02  4.473270E+07
1  1995    5  9.667408E-02  4.473270E+07
1  1995    6  3.344516E-01  4.473270E+07
1  1995    7  4.240922E-01  4.473270E+07
1  1995    8  6.415812E-01  4.473270E+07
1  1995    9  6.391892E-01  4.473270E+07
1  1995   10  4.717668E-01  4.473270E+07
1  1995   11  2.090840E-01  4.473270E+07
1  1995   12  7.604814E-02  4.473270E+07
1  1996    1  3.378285E-02  4.473270E+07
1  1996    2  5.797336E-02  4.473270E+07
1  1996    3  5.706802E-02  4.473270E+07
1  1996    4  7.271381E-02  4.473270E+07
1  1996    5  1.268906E-01  4.473270E+07
1  1996    6  3.165686E-01  4.473270E+07
1  1996    7  2.820296E-01  4.473270E+07
1  1996    8  4.880634E-01  4.473270E+07
1  1996    9  4.207958E-01  4.473270E+07
1  1996   10  2.839606E-01  4.473270E+07
1  1996   11  1.243213E-01  4.473270E+07
1  1996   12  3.184083E-02  4.473270E+07
1  1997    1  3.866224E-02  4.473270E+07
1  1997    2  3.120047E-02  4.473270E+07
1  1997    3  4.906231E-02  4.473270E+07
1  1997    4  6.605874E-02  4.473270E+07
1  1997    5  1.282652E-01  4.473270E+07
1  1997    6  2.282535E-01  4.473270E+07
1  1997    7  3.703972E-01  4.473270E+07
1  1997    8  4.708558E-01  4.473270E+07
1  1997    9  4.939536E-01  4.473270E+07
1  1997   10  2.811421E-01  4.473270E+07
1  1997   11  1.017781E-01  4.473270E+07
1  1997   12  3.325138E-02  4.473270E+07
1  1998    1  2.373726E-02  4.473270E+07
1  1998    2  3.972940E-02  4.473270E+07
1  1998    3  4.539864E-02  4.473270E+07
1  1998    4  8.337796E-02  4.473270E+07
1  1998    5  1.631368E-01  4.473270E+07
1  1998    6  3.175021E-01  4.473270E+07
1  1998    7  4.930145E-01  4.473270E+07
1  1998    8  6.553651E-01  4.473270E+07
1  1998    9  7.738785E-01  4.473270E+07
1  1998   10  3.927627E-01  4.473270E+07
1  1998   11  1.216116E-01  4.473270E+07
1  1998   12  6.617319E-02  4.473270E+07
1  1999    1  6.623021E-02  4.473270E+07
1  1999    2  4.338913E-02  4.473270E+07
1  1999    3  5.494121E-02  4.473270E+07
1  1999    4  6.978596E-02  4.473270E+07
1  1999    5  1.114895E-01  4.473270E+07
1  1999    6  3.293619E-01  4.473270E+07
1  1999    7  3.985554E-01  4.473270E+07
1  1999    8  6.177860E-01  4.473270E+07
1  1999    9  7.866625E-01  4.473270E+07
1  1999   10  3.510465E-01  4.473270E+07
1  1999   11  1.459102E-01  4.473270E+07
1  1999   12  7.871742E-02  4.473270E+07
1  2000    1  5.613887E-02  4.473270E+07
1  2000    2  3.882742E-02  4.473270E+07
1  2000    3  7.184588E-02  4.473270E+07
1  2000    4  8.421030E-02  4.473270E+07
1  2000    5  1.326093E-01  4.473270E+07
1  2000    6  2.504635E-01  4.473270E+07
1  2000    7  3.522036E-01  4.473270E+07
1  2000    8  5.503396E-01  4.473270E+07
1  2000    9  6.461635E-01  4.473270E+07
1  2000   10  3.625392E-01  4.473270E+07
1  2000   11  1.321177E-01  4.473270E+07
1  2000   12  4.231434E-02  4.473270E+07
2  1981    1  9.739965E-02  2.405698E+07
2  1981    2  1.164642E-01  2.405698E+07
2  1981    3  1.038180E-01  2.405698E+07
2  1981    4  1.377495E-01  2.405698E+07
2  1981    5  3.011897E-01  2.405698E+07
2  1981    6  6.574423E-01  2.405698E+07
2  1981    7  7.449570E-01  2.405698E+07
2  1981    8  5.695523E-01  2.405698E+07
2  1981    9  4.795887E-01  2.405698E+07
2  1981   10  5.975125E-01  2.405698E+07
2  1981   11  5.444839E-01  2.405698E+07
2  1981   12  2.187789E-01  2.405698E+07
2  1982    1  9.355011E-02  2.405698E+07
2  1982    2  1.444488E-01  2.405698E+07
2  1982    3  9.547113E-02  2.405698E+07
2  1982    4  2.000262E-01  2.405698E+07
2  1982    5  4.925572E-01  2.405698E+07
2  1982    6  3.103948E-01  2.405698E+07
2  1982    7  6.662291E-01  2.405698E+07
2  1982    8  9.096866E-01  2.405698E+07
2  1982    9  9.531463E-01  2.405698E+07
2  1982   10  5.206058E-01  2.405698E+07
2  1982   11  4.896076E-01  2.405698E+07
2  1982   12  2.970253E-01  2.405698E+07
2  1983    1  3.628908E-01  2.405698E+07
2  1983    2  2.570416E-01  2.405698E+07
2  1983    3  4.152680E-01  2.405698E+07
2  1983    4  4.859200E-01  2.405698E+07
2  1983    5  5.247212E-01  2.405698E+07
2  1983    6  4.448086E-01  2.405698E+07
2  1983    7  1.009143E+00  2.405698E+07
2  1983    8  1.023400E+00  2.405698E+07
2  1983    9  7.585647E-01  2.405698E+07
2  1983   10  5.110319E-01  2.405698E+07
2  1983   11  4.212851E-01  2.405698E+07
2  1983   12  3.162724E-01  2.405698E+07
2  1984    1  6.913404E-02  2.405698E+07
2  1984    2  7.485177E-02  2.405698E+07
2  1984    3  1.131396E-01  2.405698E+07
2  1984    4  1.615408E-01  2.405698E+07
2  1984    5  2.615037E-01  2.405698E+07
2  1984    6  4.113384E-01  2.405698E+07
2  1984    7  7.590366E-01  2.405698E+07
2  1984    8  6.151854E-01  2.405698E+07
2  1984    9  5.133854E-01  2.405698E+07
2  1984   10  4.000472E-01  2.405698E+07
2  1984   11  2.895868E-01  2.405698E+07
2  1984   12  1.172693E-01  2.405698E+07
2  1985    1  7.763565E-02  2.405698E+07
2  1985    2  3.855682E-02  2.405698E+07
2  1985    3  5.217509E-02  2.405698E+07
2  1985    4  6.352882E-02  2.405698E+07
2  1985    5  1.915721E-01  2.405698E+07
2  1985    6  6.104465E-01  2.405698E+07
2  1985    7  8.005736E-01  2.405698E+07
2  1985    8  5.468059E-01  2.405698E+07
2  1985    9  5.764472E-01  2.405698E+07
2  1985   10  3.082598E-01  2.405698E+07
2  1985   11  1.805635E-01  2.405698E+07
2  1985   12  8.982860E-02  2.405698E+07
2  1986    1  6.347587E-02  2.405698E+07
2  1986    2  5.549824E-02  2.405698E+07
2  1986    3  1.148253E-01  2.405698E+07
2  1986    4  1.135332E-01  2.405698E+07
2  1986    5  2.813610E-01  2.405698E+07
2  1986    6  5.899737E-01  2.405698E+07
2  1986    7  9.315088E-01  2.405698E+07
2  1986    8  8.017616E-01  2.405698E+07
2  1986    9  6.426275E-01  2.405698E+07
2  1986   10  4.200508E-01  2.405698E+07
2  1986   11  3.854510E-01  2.405698E+07
2  1986   12  2.285719E-01  2.405698E+07
2  1987    1  5.141145E-02  2.405698E+07
2  1987    2  1.049486E-01  2.405698E+07
2  1987    3  2.721987E-01  2.405698E+07
2  1987    4  2.166510E-01  2.405698E+07
2  1987    5  4.012036E-01  2.405698E+07
2  1987    6  6.696827E-01  2.405698E+07
2  1987    7  9.765721E-01  2.405698E+07
2  1987    8  7.329049E-01  2.405698E+07
2  1987    9  9.461197E-01  2.405698E+07
2  1987   10  6.606846E-01  2.405698E+07
2  1987   11  5.065528E-01  2.405698E+07
2  1987   12  3.752342E-01  2.405698E+07
2  1988    1  1.331726E-01  2.405698E+07
2  1988    2  5.728164E-02  2.405698E+07
2  1988    3  8.212654E-02  2.405698E+07
2  1988    4  1.091840E-01  2.405698E+07
2  1988    5  4.041596E-01  2.405698E+07
2  1988    6  4.426165E-01  2.405698E+07
2  1988    7  4.616272E-01  2.405698E+07
2  1988    8  5.252450E-01  2.405698E+07
2  1988    9  4.504251E-01  2.405698E+07
2  1988   10  5.959707E-01  2.405698E+07
2  1988   11  3.289526E-01  2.405698E+07
2  1988   12  1.424920E-01  2.405698E+07
2  1989    1  7.824843E-02  2.405698E+07
2  1989    2  7.105459E-02  2.405698E+07
2  1989    3  5.181140E-02  2.405698E+07
2  1989    4  6.410342E-02  2.405698E+07
2  1989    5  2.062633E-01  2.405698E+07
2  1989    6  4.782125E-01  2.405698E+07
2  1989    7  8.558570E-01  2.405698E+07
2  1989    8  7.371788E-01  2.405698E+07
2  1989    9  6.647909E-01  2.405698E+07
2  1989   10  3.719099E-01  2.405698E+07
2  1989   11  3.208287E-01  2.405698E+07
2  1989   12  1.689921E-01  2.405698E+07
2  1990    1  7.299791E-02  2.405698E+07
2  1990    2  7.212099E-02  2.405698E+07
2  1990    3  7.435063E-02  2.405698E+07
2  1990    4  1.217048E-01  2.405698E+07
2  1990    5  4.239714E-01  2.405698E+07
2  1990    6  6.520403E-01  2.405698E+07
2  1990    7  9.236012E-01  2.405698E+07
2  1990    8  1.014158E+00  2.405698E+07
2  1990    9  8.004062E-01  2.405698E+07
2  1990   10  4.666569E-01  2.405698E+07
2  1990   11  4.250780E-01  2.405698E+07
2  1990   12  3.337246E-01  2.405698E+07
2  1991    1  6.921473E-02  2.405698E+07
2  1991    2  9.170111E-02  2.405698E+07
2  1991    3  1.772495E-01  2.405698E+07
2  1991    4  1.630075E-01  2.405698E+07
2  1991    5  3.592770E-01  2.405698E+07
2  1991    6  7.277700E-01  2.405698E+07
2  1991    7  7.888199E-01  2.405698E+07
2  1991    8  1.083813E+00  2.405698E+07
2  1991    9  7.799283E-01  2.405698E+07
2  1991   10  6.015704E-01  2.405698E+07
2  1991   11  4.582400E-01  2.405698E+07
2  1991   12  2.442955E-01  2.405698E+07
2  1992    1  1.245839E-01  2.405698E+07
2  1992    2  9.546168E-02  2.405698E+07
2  1992    3  2.741951E-01  2.405698E+07
2  1992    4  2.488234E-01  2.405698E+07
2  1992    5  4.935126E-01  2.405698E+07
2  1992    6  6.021709E-01  2.405698E+07
2  1992    7  8.021616E-01  2.405698E+07
2  1992    8  1.078230E+00  2.405698E+07
2  1992    9  6.953296E-01  2.405698E+07
2  1992   10  5.747111E-01  2.405698E+07
2  1992   11  5.527469E-01  2.405698E+07
2  1992   12  2.623093E-01  2.405698E+07
2  1993    1  1.799463E-01  2.405698E+07
2  1993    2  1.067846E-01  2.405698E+07
2  1993    3  1.470614E-01  2.405698E+07
2  1993    4  3.807118E-01  2.405698E+07
2  1993    5  4.109357E-01  2.405698E+07
2  1993    6  6.569605E-01  2.405698E+07
2  1993    7  1.070446E+00  2.405698E+07
2  1993    8  8.870497E-01  2.405698E+07
2  1993    9  5.703137E-01  2.405698E+07
2  1993   10  3.995164E-01  2.405698E+07
2  1993   11  3.391112E-01  2.405698E+07
2  1993   12  3.042005E-01  2.405698E+07
2  1994    1  1.614169E-01  2.405698E+07
2  1994    2  9.916294E-02  2.405698E+07
2  1994    3  7.867943E-02  2.405698E+07
2  1994    4  1.540507E-01  2.405698E+07
2  1994    5  1.773292E-01  2.405698E+07
2  1994    6  5.954530E-01  2.405698E+07
2  1994    7  1.170382E+00  2.405698E+07
2  1994    8  1.022625E+00  2.405698E+07
2  1994    9  6.989087E-01  2.405698E+07
2  1994   10  5.288167E-01  2.405698E+07
2  1994   11  3.787279E-01  2.405698E+07
2  1994   12  2.206578E-01  2.405698E+07
2  1995    1  1.886071E-01  2.405698E+07
2  1995    2  1.389330E-01  2.405698E+07
2  1995    3  1.476732E-01  2.405698E+07
2  1995    4  1.096958E-01  2.405698E+07
2  1995    5  4.914330E-01  2.405698E+07
2  1995    6  5.239372E-01  2.405698E+07
2  1995    7  1.027294E+00  2.405698E+07
2  1995    8  5.984877E-01  2.405698E+07
2  1995    9  7.119206E-01  2.405698E+07
2  1995   10  5.528222E-01  2.405698E+07
2  1995   11  3.904042E-01  2.405698E+07
2  1995   12  1.309001E-01  2.405698E+07
2  1996    1  7.359464E-02  2.405698E+07
2  1996    2  1.065069E-01  2.405698E+07
2  1996    3  1.353534E-01  2.405698E+07
2  1996    4  1.587620E-01  2.405698E+07
2  1996    5  3.268302E-01  2.405698E+07
2  1996    6  6.016835E-01  2.405698E+07
2  1996    7  9.781073E-01  2.405698E+07
2  1996    8  7.423795E-01  2.405698E+07
2  1996    9  6.893995E-01  2.405698E+07
2  1996   10  5.540944E-01  2.405698E+07
2  1996   11  2.871497E-01  2.405698E+07
2  1996   12  8.605561E-02  2.405698E+07
2  1997    1  8.800078E-02  2.405698E+07
2  1997    2  1.141970E-01  2.405698E+07
2  1997    3  9.592978E-02  2.405698E+07
2  1997    4  1.490270E-01  2.405698E+07
2  1997    5  3.892812E-01  2.405698E+07
2  1997    6  5.640770E-01  2.405698E+07
2  1997    7  4.643040E-01  2.405698E+07
2  1997    8  8.615553E-01  2.405698E+07
2  1997    9  9.443127E-01  2.405698E+07
2  1997   10  8.227271E-01  2.405698E+07
2  1997   11  4.633223E-01  2.405698E+07
2  1997   12  4.300985E-01  2.405698E+07
2  1998    1  4.350344E-01  2.405698E+07
2  1998    2  3.887356E-01  2.405698E+07
2  1998    3  3.122509E-01  2.405698E+07
2  1998    4  3.788643E-01  2.405698E+07
2  1998    5  4.242563E-01  2.405698E+07
2  1998    6  7.907037E-01  2.405698E+07
2  1998    7  7.912946E-01  2.405698E+07
2  1998    8  1.061850E+00  2.405698E+07
2  1998    9  3.758892E-01  2.405698E+07
2  1998   10  4.994105E-01  2.405698E+07
2  1998   11  4.378905E-01  2.405698E+07
2  1998   12  1.010061E-01  2.405698E+07
2  1999    1  9.449081E-02  2.405698E+07
2  1999    2  7.616457E-02  2.405698E+07
2  1999    3  6.985874E-02  2.405698E+07
2  1999    4  1.170349E-01  2.405698E+07
2  1999    5  2.897019E-01  2.405698E+07
2  1999    6  4.921961E-01  2.405698E+07
2  1999    7  8.202372E-01  2.405698E+07
2  1999    8  6.799670E-01  2.405698E+07
2  1999    9  3.509747E-01  2.405698E+07
2  1999   10  4.945772E-01  2.405698E+07
2  1999   11  2.704537E-01  2.405698E+07
2  1999   12  1.172289E-01  2.405698E+07
2  2000    1  5.676322E-02  2.405698E+07
2  2000    2  7.573178E-02  2.405698E+07
2  2000    3  6.388628E-02  2.405698E+07
2  2000    4  1.508458E-01  2.405698E+07
2  2000    5  3.379485E-01  2.405698E+07
2  2000    6  6.578138E-01  2.405698E+07
2  2000    7  8.176649E-01  2.405698E+07
2  2000    8  7.806829E-01  2.405698E+07
2  2000    9  5.494553E-01  2.405698E+07
2  2000   10  3.665400E-01  2.405698E+07
2  2000   11  3.000789E-01  2.405698E+07
2  2000   12  9.661531E-02  2.405698E+07
3  1981    1  7.201684E-02  2.053423E+07
3  1981    2  8.745769E-02  2.053423E+07
3  1981    3  8.130922E-02  2.053423E+07
3  1981    4  6.144359E-02  2.053423E+07
3  1981    5  8.810092E-02  2.053423E+07
3  1981    6  1.941414E-01  2.053423E+07
3  1981    7  3.458567E-01  2.053423E+07
3  1981    8  5.420436E-01  2.053423E+07
3  1981    9  3.110342E-01  2.053423E+07
3  1981   10  3.315071E-01  2.053423E+07
3  1981   11  2.110921E-01  2.053423E+07
3  1981   12  9.690262E-02  2.053423E+07
3  1982    1  7.388206E-02  2.053423E+07
3  1982    2  1.028227E-01  2.053423E+07
3  1982    3  5.468000E-02  2.053423E+07
3  1982    4  1.310474E-01  2.053423E+07
3  1982    5  3.113775E-01  2.053423E+07
3  1982    6  7.477344E-01  2.053423E+07
3  1982    7  9.143520E-01  2.053423E+07
3  1982    8  7.327524E-01  2.053423E+07
3  1982    9  7.020723E-01  2.053423E+07
3  1982   10  4.864332E-01  2.053423E+07
3  1982   11  5.521695E-01  2.053423E+07
3  1982   12  2.630160E-01  2.053423E+07
3  1983    1  4.160811E-01  2.053423E+07
3  1983    2  2.475624E-01  2.053423E+07
3  1983    3  4.442483E-01  2.053423E+07
3  1983    4  1.709753E-01  2.053423E+07
3  1983    5  1.927850E-01  2.053423E+07
3  1983    6  2.274963E-01  2.053423E+07
3  1983    7  4.730400E-01  2.053423E+07
3  1983    8  3.331885E-01  2.053423E+07
3  1983    9  2.222851E-01  2.053423E+07
3  1983   10  1.899596E-01  2.053423E+07
3  1983   11  7.420415E-02  2.053423E+07
3  1983   12  6.291415E-02  2.053423E+07
3  1984    1  9.124194E-02  2.053423E+07
3  1984    2  1.355460E-01  2.053423E+07
3  1984    3  5.713892E-02  2.053423E+07
3  1984    4  5.239205E-02  2.053423E+07
3  1984    5  7.934205E-02  2.053423E+07
3  1984    6  1.874045E-01  2.053423E+07
3  1984    7  4.423046E-01  2.053423E+07
3  1984    8  3.677057E-01  2.053423E+07
3  1984    9  2.877330E-01  2.053423E+07
3  1984   10  1.957777E-01  2.053423E+07
3  1984   11  9.819683E-02  2.053423E+07
3  1984   12  7.720511E-02  2.053423E+07
3  1985    1  8.445374E-02  2.053423E+07
3  1985    2  4.491822E-02  2.053423E+07
3  1985    3  4.821692E-02  2.053423E+07
3  1985    4  6.036963E-02  2.053423E+07
3  1985    5  9.472101E-02  2.053423E+07
3  1985    6  1.680300E-01  2.053423E+07
3  1985    7  2.785307E-01  2.053423E+07
3  1985    8  3.277766E-01  2.053423E+07
3  1985    9  4.890965E-01  2.053423E+07
3  1985   10  2.041531E-01  2.053423E+07
3  1985   11  1.190159E-01  2.053423E+07
3  1985   12  1.178218E-01  2.053423E+07
3  1986    1  1.114416E-01  2.053423E+07
3  1986    2  7.887651E-02  2.053423E+07
3  1986    3  8.532485E-02  2.053423E+07
3  1986    4  9.073167E-02  2.053423E+07
3  1986    5  1.222657E-01  2.053423E+07
3  1986    6  2.333830E-01  2.053423E+07
3  1986    7  5.446437E-01  2.053423E+07
3  1986    8  5.594828E-01  2.053423E+07
3  1986    9  6.429207E-01  2.053423E+07
3  1986   10  4.963337E-01  2.053423E+07
3  1986   11  2.430173E-01  2.053423E+07
3  1986   12  1.593558E-01  2.053423E+07
3  1987    1  1.110155E-01  2.053423E+07
3  1987    2  1.324787E-01  2.053423E+07
3  1987    3  1.289577E-01  2.053423E+07
3  1987    4  1.394068E-01  2.053423E+07
3  1987    5  3.033696E-01  2.053423E+07
3  1987    6  4.194727E-01  2.053423E+07
3  1987    7  6.152626E-01  2.053423E+07
3  1987    8  7.652493E-01  2.053423E+07
3  1987    9  6.411982E-01  2.053423E+07
3  1987   10  3.304443E-01  2.053423E+07
3  1987   11  3.222390E-01  2.053423E+07
3  1987   12  1.093147E-01  2.053423E+07
3  1988    1  8.017392E-02  2.053423E+07
3  1988    2  6.844084E-02  2.053423E+07
3  1988    3  4.535861E-02  2.053423E+07
3  1988    4  6.710654E-02  2.053423E+07
3  1988    5  8.103109E-02  2.053423E+07
3  1988    6  1.861250E-01  2.053423E+07
3  1988    7  2.935604E-01  2.053423E+07
3  1988    8  5.064147E-01  2.053423E+07
3  1988    9  6.053284E-01  2.053423E+07
3  1988   10  2.447100E-01  2.053423E+07
3  1988   11  9.592559E-02  2.053423E+07
3  1988   12  6.514686E-02  2.053423E+07
3  1989    1  4.634081E-02  2.053423E+07
3  1989    2  5.438197E-02  2.053423E+07
3  1989    3  3.867702E-02  2.053423E+07
3  1989    4  5.409302E-02  2.053423E+07
3  1989    5  1.001185E-01  2.053423E+07
3  1989    6  1.844196E-01  2.053423E+07
3  1989    7  3.230329E-01  2.053423E+07
3  1989    8  4.127287E-01  2.053423E+07
3  1989    9  3.213132E-01  2.053423E+07
3  1989   10  2.981424E-01  2.053423E+07
3  1989   11  1.420446E-01  2.053423E+07
3  1989   12  6.738117E-02  2.053423E+07
3  1990    1  8.463193E-02  2.053423E+07
3  1990    2  9.113099E-02  2.053423E+07
3  1990    3  8.086701E-02  2.053423E+07
3  1990    4  7.509304E-02  2.053423E+07
3  1990    5  1.598756E-01  2.053423E+07
3  1990    6  2.347620E-01  2.053423E+07
3  1990    7  3.725297E-01  2.053423E+07
3  1990    8  5.097491E-01  2.053423E+07
3  1990    9  5.128392E-01  2.053423E+07
3  1990   10  4.844334E-01  2.053423E+07
3  1990   11  1.762050E-01  2.053423E+07
3  1990   12  1.172717E-01  2.053423E+07
3  1991    1  1.037420E-01  2.053423E+07
3  1991    2  1.059632E-01  2.053423E+07
3  1991    3  8.391578E-02  2.053423E+07
3  1991    4  8.039064E-02  2.053423E+07
3  1991    5  2.135687E-01  2.053423E+07
3  1991    6  5.072374E-01  2.053423E+07
3  1991    7  6.259739E-01  2.053423E+07
3  1991    8  7.302452E-01  2.053423E+07
3  1991    9  7.611213E-01  2.053423E+07
3  1991   10  4.374234E-01  2.053423E+07
3  1991   11  3.158521E-01  2.053423E+07
3  1991   12  2.160835E-01  2.053423E+07
3  1992    1  1.867249E-01  2.053423E+07
3  1992    2  2.473939E-01  2.053423E+07
3  1992    3  2.450113E-01  2.053423E+07
3  1992    4  3.800456E-01  2.053423E+07
3  1992    5  3.127895E-01  2.053423E+07
3  1992    6  2.494054E-01  2.053423E+07
3  1992    7  6.506746E-01  2.053423E+07
3  1992    8  7.632545E-01  2.053423E+07
3  1992    9  7.208763E-01  2.053423E+07
3  1992   10  6.128762E-01  2.053423E+07
3  1992   11  2.420893E-01  2.053423E+07
3  1992   12  1.037542E-01  2.053423E+07
3  1993    1  1.709659E-01  2.053423E+07
3  1993    2  9.889170E-02  2.053423E+07
3  1993    3  6.742033E-02  2.053423E+07
3  1993    4  1.132908E-01  2.053423E+07
3  1993    5  2.101558E-01  2.053423E+07
3  1993    6  2.823470E-01  2.053423E+07
3  1993    7  4.986553E-01  2.053423E+07
3  1993    8  6.290697E-01  2.053423E+07
3  1993    9  5.521298E-01  2.053423E+07
3  1993   10  4.637797E-01  2.053423E+07
3  1993   11  2.031052E-01  2.053423E+07
3  1993   12  1.033612E-01  2.053423E+07
3  1994    1  9.986863E-02  2.053423E+07
3  1994    2  7.665982E-02  2.053423E+07
3  1994    3  6.950802E-02  2.053423E+07
3  1994    4  5.737253E-02  2.053423E+07
3  1994    5  1.852058E-01  2.053423E+07
3  1994    6  3.541597E-01  2.053423E+07
3  1994    7  4.250113E-01  2.053423E+07
3  1994    8  7.978258E-01  2.053423E+07
3  1994    9  6.504852E-01  2.053423E+07
3  1994   10  3.992460E-01  2.053423E+07
3  1994   11  2.072522E-01  2.053423E+07
3  1994   12  1.064265E-01  2.053423E+07
3  1995    1  1.280107E-01  2.053423E+07
3  1995    2  8.075739E-02  2.053423E+07
3  1995    3  5.799947E-02  2.053423E+07
3  1995    4  9.318657E-02  2.053423E+07
3  1995    5  1.563552E-01  2.053423E+07
3  1995    6  2.186849E-01  2.053423E+07
3  1995    7  3.710728E-01  2.053423E+07
3  1995    8  5.539469E-01  2.053423E+07
3  1995    9  4.926562E-01  2.053423E+07
3  1995   10  2.859262E-01  2.053423E+07
3  1995   11  1.171327E-01  2.053423E+07
3  1995   12  7.589358E-02  2.053423E+07
3  1996    1  6.977718E-02  2.053423E+07
3  1996    2  7.435228E-02  2.053423E+07
3  1996    3  6.694768E-02  2.053423E+07
3  1996    4  6.850715E-02  2.053423E+07
3  1996    5  9.339908E-02  2.053423E+07
3  1996    6  1.432741E-01  2.053423E+07
3  1996    7  3.277812E-01  2.053423E+07
3  1996    8  4.675706E-01  2.053423E+07
3  1996    9  5.204872E-01  2.053423E+07
3  1996   10  2.425876E-01  2.053423E+07
3  1996   11  1.460432E-01  2.053423E+07
3  1996   12  7.083070E-02  2.053423E+07
3  1997    1  1.051272E-01  2.053423E+07
3  1997    2  7.280126E-02  2.053423E+07
3  1997    3  7.271780E-02  2.053423E+07
3  1997    4  1.880535E-01  2.053423E+07
3  1997    5  2.689366E-01  2.053423E+07
3  1997    6  5.934895E-01  2.053423E+07
3  1997    7  9.073761E-01  2.053423E+07
3  1997    8  1.270244E+00  2.053423E+07
3  1997    9  8.112195E-01  2.053423E+07
3  1997   10  4.665253E-01  2.053423E+07
3  1997   11  3.100336E-01  2.053423E+07
3  1997   12  4.570706E-01  2.053423E+07
3  1998    1  3.939860E-01  2.053423E+07
3  1998    2  1.081535E-01  2.053423E+07
3  1998    3  1.072006E-01  2.053423E+07
3  1998    4  5.888534E-02  2.053423E+07
3  1998    5  1.195348E-01  2.053423E+07
3  1998    6  1.874385E-01  2.053423E+07
3  1998    7  4.317788E-01  2.053423E+07
3  1998    8  4.764943E-01  2.053423E+07
3  1998    9  2.051074E-01  2.053423E+07
3  1998   10  2.082941E-01  2.053423E+07
3  1998   11  7.030898E-02  2.053423E+07
3  1998   12  4.811991E-02  2.053423E+07
3  1999    1  6.576826E-02  2.053423E+07
3  1999    2  4.347238E-02  2.053423E+07
3  1999    3  4.043107E-02  2.053423E+07
3  1999    4  3.682263E-02  2.053423E+07
3  1999    5  9.152064E-02  2.053423E+07
3  1999    6  1.289105E-01  2.053423E+07
3  1999    7  1.738420E-01  2.053423E+07
3  1999    8  3.758218E-01  2.053423E+07
3  1999    9  2.504128E-01  2.053423E+07
3  1999   10  1.907728E-01  2.053423E+07
3  1999   11  9.215450E-02  2.053423E+07
3  1999   12  7.648181E-02  2.053423E+07
3  2000    1  7.515174E-02  2.053423E+07
3  2000    2  7.241338E-02  2.053423E+07
3  2000    3  4.071366E-02  2.053423E+07
3  2000    4  3.295218E-02  2.053423E+07
3  2000    5  7.091074E-02  2.053423E+07
3  2000    6  2.420835E-01  2.053423E+07
3  2000    7  2.953510E-01  2.053423E+07
3  2000    8  4.532528E-01  2.053423E+07
3  2000    9  3.370315E-01  2.053423E+07
3  2000   10  2.430132E-01  2.053423E+07
3  2000   11  1.606541E-01  2.053423E+07
3  2000   12  5.550559E-02  2.053423E+07
4  1981    1  4.647624E-01  4.106847E+07
4  1981    2  3.471093E-01  4.106847E+07
4  1981    3  2.303398E-01  4.106847E+07
4  1981    4  3.733065E-01  4.106847E+07
4  1981    5  8.678044E-01  4.106847E+07
4  1981    6  9.998602E-01  4.106847E+07
4  1981    7  1.332549E+00  4.106847E+07
4  1981    8  1.301184E+00  4.106847E+07
4  1981    9  9.183359E-01  4.106847E+07
4  1981   10  6.909121E-01  4.106847E+07
4  1981   11  7.336556E-01  4.106847E+07
4  1981   12  5.895367E-01  4.106847E+07
4  1982    1  4.576842E-01  4.106847E+07
4  1982    2  3.363028E-01  4.106847E+07
4  1982    3  2.661282E-01  4.106847E+07
4  1982    4  3.140229E-01  4.106847E+07
4  1982    5  4.730647E-01  4.106847E+07
4  1982    6  1.080399E+00  4.106847E+07
4  1982    7  1.343028E+00  4.106847E+07
4  1982    8  1.076261E+00  4.106847E+07
4  1982    9  8.073296E-01  4.106847E+07
4  1982   10  3.725182E-01  4.106847E+07
4  1982   11  4.699044E-01  4.106847E+07
4  1982   12  3.620669E-01  4.106847E+07
4  1983    1  1.406558E-01  4.106847E+07
4  1983    2  5.880369E-02  4.106847E+07
4  1983    3  1.424208E-01  4.106847E+07
4  1983    4  1.204639E-01  4.106847E+07
4  1983    5  2.535551E-01  4.106847E+07
4  1983    6  6.878257E-01  4.106847E+07
4  1983    7  9.343764E-01  4.106847E+07
4  1983    8  1.247106E+00  4.106847E+07
4  1983    9  1.099244E+00  4.106847E+07
4  1983   10  6.308404E-01  4.106847E+07
4  1983   11  4.314725E-01  4.106847E+07
4  1983   12  4.769728E-01  4.106847E+07
4  1984    1  3.081535E-01  4.106847E+07
4  1984    2  3.445881E-01  4.106847E+07
4  1984    3  3.228904E-01  4.106847E+07
4  1984    4  3.024444E-01  4.106847E+07
4  1984    5  4.859892E-01  4.106847E+07
4  1984    6  8.089053E-01  4.106847E+07
4  1984    7  1.156349E+00  4.106847E+07
4  1984    8  1.091016E+00  4.106847E+07
4  1984    9  1.137669E+00  4.106847E+07
4  1984   10  8.815672E-01  4.106847E+07
4  1984   11  7.279710E-01  4.106847E+07
4  1984   12  4.732800E-01  4.106847E+07
4  1985    1  4.958118E-01  4.106847E+07
4  1985    2  2.824848E-01  4.106847E+07
4  1985    3  3.436716E-01  4.106847E+07
4  1985    4  4.186786E-01  4.106847E+07
4  1985    5  5.824866E-01  4.106847E+07
4  1985    6  8.266920E-01  4.106847E+07
4  1985    7  1.165861E+00  4.106847E+07
4  1985    8  1.160452E+00  4.106847E+07
4  1985    9  8.306077E-01  4.106847E+07
4  1985   10  3.932503E-01  4.106847E+07
4  1985   11  5.420105E-01  4.106847E+07
4  1985   12  6.506780E-01  4.106847E+07
4  1986    1  5.093973E-01  4.106847E+07
4  1986    2  3.851362E-01  4.106847E+07
4  1986    3  3.424656E-01  4.106847E+07
4  1986    4  3.302527E-01  4.106847E+07
4  1986    5  6.165329E-01  4.106847E+07
4  1986    6  1.064050E+00  4.106847E+07
4  1986    7  1.293524E+00  4.106847E+07
4  1986    8  1.433226E+00  4.106847E+07
4  1986    9  9.945624E-01  4.106847E+07
4  1986   10  7.176352E-01  4.106847E+07
4  1986   11  4.489313E-01  4.106847E+07
4  1986   12  4.157598E-01  4.106847E+07
4  1987    1  2.987000E-01  4.106847E+07
4  1987    2  1.982514E-01  4.106847E+07
4  1987    3  2.013919E-01  4.106847E+07
4  1987    4  3.121346E-01  4.106847E+07
4  1987    5  3.222752E-01  4.106847E+07
4  1987    6  8.881270E-01  4.106847E+07
4  1987    7  1.117227E+00  4.106847E+07
4  1987    8  1.260492E+00  4.106847E+07
4  1987    9  1.051938E+00  4.106847E+07
4  1987   10  5.379033E-01  4.106847E+07
4  1987   11  4.390406E-01  4.106847E+07
4  1987   12  5.447887E-01  4.106847E+07
4  1988    1  5.278664E-01  4.106847E+07
4  1988    2  3.138482E-01  4.106847E+07
4  1988    3  3.542675E-01  4.106847E+07
4  1988    4  3.415548E-01  4.106847E+07
4  1988    5  4.745298E-01  4.106847E+07
4  1988    6  9.286394E-01  4.106847E+07
4  1988    7  1.315387E+00  4.106847E+07
4  1988    8  1.511576E+00  4.106847E+07
4  1988    9  1.356957E+00  4.106847E+07
4  1988   10  1.111978E+00  4.106847E+07
4  1988   11  5.413617E-01  4.106847E+07
4  1988   12  4.074394E-01  4.106847E+07
4  1989    1  3.050980E-01  4.106847E+07
4  1989    2  4.069066E-01  4.106847E+07
4  1989    3  4.028206E-01  4.106847E+07
4  1989    4  3.254046E-01  4.106847E+07
4  1989    5  5.804499E-01  4.106847E+07
4  1989    6  7.400951E-01  4.106847E+07
4  1989    7  1.302720E+00  4.106847E+07
4  1989    8  1.372821E+00  4.106847E+07
4  1989    9  1.141605E+00  4.106847E+07
4  1989   10  9.213388E-01  4.106847E+07
4  1989   11  6.922941E-01  4.106847E+07
4  1989   12  5.161502E-01  4.106847E+07
4  1990    1  5.827226E-01  4.106847E+07
4  1990    2  3.557911E-01  4.106847E+07
4  1990    3  3.334468E-01  4.106847E+07
4  1990    4  4.843366E-01  4.106847E+07
4  1990    5  6.239685E-01  4.106847E+07
4  1990    6  7.389412E-01  4.106847E+07
4  1990    7  1.138907E+00  4.106847E+07
4  1990    8  1.457875E+00  4.106847E+07
4  1990    9  1.354599E+00  4.106847E+07
4  1990   10  1.120684E+00  4.106847E+07
4  1990   11  7.051579E-01  4.106847E+07
4  1990   12  4.985430E-01  4.106847E+07
4  1991    1  3.290519E-01  4.106847E+07
4  1991    2  2.802766E-01  4.106847E+07
4  1991    3  3.932807E-01  4.106847E+07
4  1991    4  3.954566E-01  4.106847E+07
4  1991    5  5.523326E-01  4.106847E+07
4  1991    6  7.058008E-01  4.106847E+07
4  1991    7  1.103484E+00  4.106847E+07
4  1991    8  1.610428E+00  4.106847E+07
4  1991    9  1.264840E+00  4.106847E+07
4  1991   10  5.383207E-01  4.106847E+07
4  1991   11  3.899052E-01  4.106847E+07
4  1991   12  4.846019E-01  4.106847E+07
4  1992    1  3.257763E-01  4.106847E+07
4  1992    2  1.980765E-01  4.106847E+07
4  1992    3  1.519030E-01  4.106847E+07
4  1992    4  3.343023E-01  4.106847E+07
4  1992    5  3.612144E-01  4.106847E+07
4  1992    6  6.434687E-01  4.106847E+07
4  1992    7  1.232939E+00  4.106847E+07
4  1992    8  1.258301E+00  4.106847E+07
4  1992    9  9.819666E-01  4.106847E+07
4  1992   10  6.906746E-01  4.106847E+07
4  1992   11  3.218051E-01  4.106847E+07
4  1992   12  4.114294E-01  4.106847E+07
4  1993    1  3.794365E-01  4.106847E+07
4  1993    2  3.217828E-01  4.106847E+07
4  1993    3  3.427079E-01  4.106847E+07
4  1993    4  2.467310E-01  4.106847E+07
4  1993    5  3.747797E-01  4.106847E+07
4  1993    6  6.170904E-01  4.106847E+07
4  1993    7  1.012288E+00  4.106847E+07
4  1993    8  9.897476E-01  4.106847E+07
4  1993    9  1.119883E+00  4.106847E+07
4  1993   10  4.873282E-01  4.106847E+07
4  1993   11  2.685305E-01  4.106847E+07
4  1993   12  3.961562E-01  4.106847E+07
4  1994    1  3.967631E-01  4.106847E+07
4  1994    2  3.695190E-01  4.106847E+07
4  1994    3  3.114560E-01  4.106847E+07
4  1994    4  3.164095E-01  4.106847E+07
4  1994    5  6.589687E-01  4.106847E+07
4  1994    6  7.980220E-01  4.106847E+07
4  1994    7  1.242643E+00  4.106847E+07
4  1994    8  1.527515E+00  4.106847E+07
4  1994    9  1.267440E+00  4.106847E+07
4  1994   10  5.593099E-01  4.106847E+07
4  1994   11  5.133294E-01  4.106847E+07
4  1994   12  4.254435E-01  4.106847E+07
4  1995    1  3.203785E-01  4.106847E+07
4  1995    2  3.524913E-01  4.106847E+07
4  1995    3  3.008566E-01  4.106847E+07
4  1995    4  2.460951E-01  4.106847E+07
4  1995    5  5.484918E-01  4.106847E+07
4  1995    6  7.083327E-01  4.106847E+07
4  1995    7  1.107152E+00  4.106847E+07
4  1995    8  1.791234E+00  4.106847E+07
4  1995    9  1.388486E+00  4.106847E+07
4  1995   10  9.121934E-01  4.106847E+07
4  1995   11  5.016332E-01  4.106847E+07
4  1995   12  6.187372E-01  4.106847E+07
4  1996    1  5.525229E-01  4.106847E+07
4  1996    2  3.678997E-01  4.106847E+07
4  1996    3  2.907665E-01  4.106847E+07
4  1996    4  3.191281E-01  4.106847E+07
4  1996    5  3.581392E-01  4.106847E+07
4  1996    6  9.299003E-01  4.106847E+07
4  1996    7  1.394272E+00  4.106847E+07
4  1996    8  1.642666E+00  4.106847E+07
4  1996    9  1.453743E+00  4.106847E+07
4  1996   10  9.161647E-01  4.106847E+07
4  1996   11  4.945606E-01  4.106847E+07
4  1996   12  4.912824E-01  4.106847E+07
4  1997    1  6.240548E-01  4.106847E+07
4  1997    2  5.198660E-01  4.106847E+07
4  1997    3  4.197094E-01  4.106847E+07
4  1997    4  2.560381E-01  4.106847E+07
4  1997    5  4.192551E-01  4.106847E+07
4  1997    6  8.462492E-01  4.106847E+07
4  1997    7  1.487246E+00  4.106847E+07
4  1997    8  1.277436E+00  4.106847E+07
4  1997    9  1.128179E+00  4.106847E+07
4  1997   10  5.298071E-01  4.106847E+07
4  1997   11  3.903401E-01  4.106847E+07
4  1997   12  5.332422E-01  4.106847E+07
4  1998    1  2.970384E-01  4.106847E+07
4  1998    2  1.538237E-01  4.106847E+07
4  1998    3  8.867542E-02  4.106847E+07
4  1998    4  1.367245E-01  4.106847E+07
4  1998    5  3.322278E-01  4.106847E+07
4  1998    6  6.861006E-01  4.106847E+07
4  1998    7  1.177249E+00  4.106847E+07
4  1998    8  1.330798E+00  4.106847E+07
4  1998    9  1.200816E+00  4.106847E+07
4  1998   10  9.549819E-01  4.106847E+07
4  1998   11  6.578007E-01  4.106847E+07
4  1998   12  5.794073E-01  4.106847E+07
4  1999    1  4.226098E-01  4.106847E+07
4  1999    2  2.297058E-01  4.106847E+07
4  1999    3  3.174906E-01  4.106847E+07
4  1999    4  4.388591E-01  4.106847E+07
4  1999    5  6.877688E-01  4.106847E+07
4  1999    6  8.561123E-01  4.106847E+07
4  1999    7  1.344763E+00  4.106847E+07
4  1999    8  1.693533E+00  4.106847E+07
4  1999    9  1.052060E+00  4.106847E+07
4  1999   10  1.077299E+00  4.106847E+07
4  1999   11  8.598491E-01  4.106847E+07
4  1999   12  3.975283E-01  4.106847E+07
4  2000    1  3.662745E-01  4.106847E+07
4  2000    2  4.524199E-01  4.106847E+07
4  2000    3  4.221000E-01  4.106847E+07
4  2000    4  4.435053E-01  4.106847E+07
4  2000    5  5.411314E-01  4.106847E+07
4  2000    6  9.552945E-01  4.106847E+07
4  2000    7  1.406710E+00  4.106847E+07
4  2000    8  1.769052E+00  4.106847E+07
4  2000    9  1.153534E+00  4.106847E+07
4  2000   10  7.707013E-01  4.106847E+07
4  2000   11  7.210174E-01  4.106847E+07
4  2000   12  5.991502E-01  4.106847E+07
5  1981    1  1.048106E-01  3.593491E+07
5  1981    2  9.778588E-02  3.593491E+07
5  1981    3  1.240838E-01  3.593491E+07
5  1981    4  1.387016E-01  3.593491E+07
5  1981    5  2.810138E-01  3.593491E+07
5  1981    6  2.073327E-01  3.593491E+07
5  1981    7  2.379226E-01  3.593491E+07
5  1981    8  2.487727E-01  3.593491E+07
5  1981    9  2.929400E-01  3.593491E+07
5  1981   10  2.723089E-01  3.593491E+07
5  1981   11  1.965489E-01  3.593491E+07
5  1981   12  2.036891E-01  3.593491E+07
5  1982    1  1.117635E-01  3.593491E+07
5  1982    2  1.240830E-01  3.593491E+07
5  1982    3  1.062577E-01  3.593491E+07
5  1982    4  1.781294E-01  3.593491E+07
5  1982    5  1.938640E-01  3.593491E+07
5  1982    6  2.885163E-01  3.593491E+07
5  1982    7  2.181795E-01  3.593491E+07
5  1982    8  2.951477E-01  3.593491E+07
5  1982    9  3.185436E-01  3.593491E+07
5  1982   10  2.858128E-01  3.593491E+07
5  1982   11  2.922127E-01  3.593491E+07
5  1982   12  1.867999E-01  3.593491E+07
5  1983    1  1.903414E-01  3.593491E+07
5  1983    2  5.370887E-02  3.593491E+07
5  1983    3  1.122004E-01  3.593491E+07
5  1983    4  9.511546E-02  3.593491E+07
5  1983    5  1.796639E-01  3.593491E+07
5  1983    6  2.143167E-01  3.593491E+07
5  1983    7  2.887816E-01  3.593491E+07
5  1983    8  3.678152E-01  3.593491E+07
5  1983    9  4.857268E-01  3.593491E+07
5  1983   10  2.928755E-01  3.593491E+07
5  1983   11  2.708154E-01  3.593491E+07
5  1983   12  1.948842E-01  3.593491E+07
5  1984    1  8.898890E-02  3.593491E+07
5  1984    2  8.674414E-02  3.593491E+07
5  1984    3  2.008194E-01  3.593491E+07
5  1984    4  1.817679E-01  3.593491E+07
5  1984    5  2.621543E-01  3.593491E+07
5  1984    6  1.359510E-01  3.593491E+07
5  1984    7  2.339425E-01  3.593491E+07
5  1984    8  2.613928E-01  3.593491E+07
5  1984    9  2.322544E-01  3.593491E+07
5  1984   10  1.855791E-01  3.593491E+07
5  1984   11  2.114568E-01  3.593491E+07
5  1984   12  7.238093E-02  3.593491E+07
5  1985    1  2.182710E-01  3.593491E+07
5  1985    2  2.037531E-01  3.593491E+07
5  1985    3  8.911073E-02  3.593491E+07
5  1985    4  1.106897E-01  3.593491E+07
5  1985    5  2.077107E-01  3.593491E+07
5  1985    6  1.676265E-01  3.593491E+07
5  1985    7  2.080787E-01  3.593491E+07
5  1985    8  2.604551E-01  3.593491E+07
5  1985    9  2.557633E-01  3.593491E+07
5  1985   10  2.255914E-01  3.593491E+07
5  1985   11  9.872691E-02  3.593491E+07
5  1985   12  4.841509E-02  3.593491E+07
5  1986    1  9.437851E-02  3.593491E+07
5  1986    2  9.998861E-02  3.593491E+07
5  1986    3  1.854010E-01  3.593491E+07
5  1986    4  1.548785E-01  3.593491E+07
5  1986    5  2.219426E-01  3.593491E+07
5  1986    6  2.345718E-01  3.593491E+07
5  1986    7  3.007378E-01  3.593491E+07
5  1986    8  2.788299E-01  3.593491E+07
5  1986    9  1.849907E-01  3.593491E+07
5  1986   10  3.218199E-01  3.593491E+07
5  1986   11  2.433096E-01  3.593491E+07
5  1986   12  1.859571E-01  3.593491E+07
5  1987    1  1.789114E-01  3.593491E+07
5  1987    2  1.129165E-01  3.593491E+07
5  1987    3  1.259471E-01  3.593491E+07
5  1987    4  6.802193E-02  3.593491E+07
5  1987    5  1.709973E-01  3.593491E+07
5  1987    6  1.671100E-01  3.593491E+07
5  1987    7  2.221304E-01  3.593491E+07
5  1987    8  3.627878E-01  3.593491E+07
5  1987    9  2.443202E-01  3.593491E+07
5  1987   10  3.773594E-01  3.593491E+07
5  1987   11  3.030676E-01  3.593491E+07
5  1987   12  2.699188E-01  3.593491E+07
5  1988    1  1.407669E-01  3.593491E+07
5  1988    2  9.064428E-02  3.593491E+07
5  1988    3  1.139316E-01  3.593491E+07
5  1988    4  1.369429E-01  3.593491E+07
5  1988    5  2.122553E-01  3.593491E+07
5  1988    6  2.014295E-01  3.593491E+07
5  1988    7  2.907342E-01  3.593491E+07
5  1988    8  3.573253E-01  3.593491E+07
5  1988    9  3.027695E-01  3.593491E+07
5  1988   10  3.043851E-01  3.593491E+07
5  1988   11  2.352338E-01  3.593491E+07
5  1988   12  3.373671E-01  3.593491E+07
5  1989    1  2.707274E-01  3.593491E+07
5  1989    2  8.327223E-02  3.593491E+07
5  1989    3  7.687121E-02  3.593491E+07
5  1989    4  1.112407E-01  3.593491E+07
5  1989    5  1.728758E-01  3.593491E+07
5  1989    6  1.309442E-01  3.593491E+07
5  1989    7  2.876363E-01  3.593491E+07
5  1989    8  3.841435E-01  3.593491E+07
5  1989    9  3.993998E-01  3.593491E+07
5  1989   10  2.104796E-01  3.593491E+07
5  1989   11  2.070187E-01  3.593491E+07
5  1989   12  1.470524E-01  3.593491E+07
5  1990    1  8.600505E-02  3.593491E+07
5  1990    2  8.833812E-02  3.593491E+07
5  1990    3  1.355435E-01  3.593491E+07
5  1990    4  1.616978E-01  3.593491E+07
5  1990    5  2.387101E-01  3.593491E+07
5  1990    6  1.606477E-01  3.593491E+07
5  1990    7  2.724442E-01  3.593491E+07
5  1990    8  3.350141E-01  3.593491E+07
5  1990    9  2.782692E-01  3.593491E+07
5  1990   10  2.249534E-01  3.593491E+07
5  1990   11  1.858235E-01  3.593491E+07
5  1990   12  1.898091E-01  3.593491E+07
5  1991    1  1.649692E-01  3.593491E+07
5  1991    2  1.224084E-01  3.593491E+07
5  1991    3  1.570422E-01  3.593491E+07
5  1991    4  2.113738E-01  3.593491E+07
5  1991    5  2.812124E-01  3.593491E+07
5  1991    6  2.876920E-01  3.593491E+07
5  1991    7  2.409688E-01  3.593491E+07
5  1991    8  2.564592E-01  3.593491E+07
5  1991    9  1.925557E-01  3.593491E+07
5  1991   10  3.535708E-01  3.593491E+07
5  1991   11  3.066220E-01  3.593491E+07
5  1991   12  1.256611E-01  3.593491E+07
5  1992    1  7.051926E-02  3.593491E+07
5  1992    2  4.838705E-02  3.593491E+07
5  1992    3  7.647024E-02  3.593491E+07
5  1992    4  1.264414E-01  3.593491E+07
5  1992    5  1.354631E-01  3.593491E+07
5  1992    6  1.990812E-01  3.593491E+07
5  1992    7  3.061961E-01  3.593491E+07
5  1992    8  3.069660E-01  3.593491E+07
5  1992    9  3.281466E-01  3.593491E+07
5  1992   10  3.224997E-01  3.593491E+07
5  1992   11  2.165001E-01  3.593491E+07
5  1992   12  1.193574E-01  3.593491E+07
5  1993    1  1.134447E-01  3.593491E+07
5  1993    2  1.394416E-01  3.593491E+07
5  1993    3  6.260820E-02  3.593491E+07
5  1993    4  2.005325E-01  3.593491E+07
5  1993    5  2.860396E-01  3.593491E+07
5  1993    6  2.091066E-01  3.593491E+07
5  1993    7  3.480719E-01  3.593491E+07
5  1993    8  3.086590E-01  3.593491E+07
5  1993    9  3.024894E-01  3.593491E+07
5  1993   10  3.095270E-01  3.593491E+07
5  1993   11  2.187592E-01  3.593491E+07
5  1993   12  2.218397E-01  3.593491E+07
5  1994    1  1.549240E-01  3.593491E+07
5  1994    2  1.821229E-01  3.593491E+07
5  1994    3  1.013790E-01  3.593491E+07
5  1994    4  2.050440E-01  3.593491E+07
5  1994    5  2.463464E-01  3.593491E+07
5  1994    6  1.495695E-01  3.593491E+07
5  1994    7  2.066870E-01  3.593491E+07
5  1994    8  2.185496E-01  3.593491E+07
5  1994    9  3.136699E-01  3.593491E+07
5  1994   10  3.190325E-01  3.593491E+07
5  1994   11  2.524001E-01  3.593491E+07
5  1994   12  1.621608E-01  3.593491E+07
5  1995    1  1.937831E-01  3.593491E+07
5  1995    2  1.459109E-01  3.593491E+07
5  1995    3  1.904040E-01  3.593491E+07
5  1995    4  2.325981E-01  3.593491E+07
5  1995    5  1.571523E-01  3.593491E+07
5  1995    6  1.450458E-01  3.593491E+07
5  1995    7  2.970986E-01  3.593491E+07
5  1995    8  3.264147E-01  3.593491E+07
5  1995    9  3.908060E-01  3.593491E+07
5  1995   10  3.746233E-01  3.593491E+07
5  1995   11  3.068736E-01  3.593491E+07
5  1995   12  1.856328E-01  3.593491E+07
5  1996    1  9.053055E-02  3.593491E+07
5  1996    2  1.080697E-01  3.593491E+07
5  1996    3  1.688972E-01  3.593491E+07
5  1996    4  1.474078E-01  3.593491E+07
5  1996    5  2.716146E-01  3.593491E+07
5  1996    6  3.132027E-01  3.593491E+07
5  1996    7  3.477242E-01  3.593491E+07
5  1996    8  2.939081E-01  3.593491E+07
5  1996    9  3.068138E-01  3.593491E+07
5  1996   10  2.033104E-01  3.593491E+07
5  1996   11  1.933694E-01  3.593491E+07
5  1996   12  8.014323E-02  3.593491E+07
5  1997    1  7.025848E-02  3.593491E+07
5  1997    2  9.963337E-02  3.593491E+07
5  1997    3  1.037258E-01  3.593491E+07
5  1997    4  1.675076E-01  3.593491E+07
5  1997    5  1.511650E-01  3.593491E+07
5  1997    6  2.948804E-01  3.593491E+07
5  1997    7  3.116907E-01  3.593491E+07
5  1997    8  3.347184E-01  3.593491E+07
5  1997    9  2.618904E-01  3.593491E+07
5  1997   10  4.510462E-01  3.593491E+07
5  1997   11  4.129370E-01  3.593491E+07
5  1997   12  2.061588E-01  3.593491E+07
5  1998    1  1.826848E-01  3.593491E+07
5  1998    2  1.904069E-01  3.593491E+07
5  1998    3  1.488673E-01  3.593491E+07
5  1998    4  2.321218E-01  3.593491E+07
5  1998    5  5.276598E-01  3.593491E+07
5  1998    6  3.214861E-01  3.593491E+07
5  1998    7  5.186068E-01  3.593491E+07
5  1998    8  3.971823E-01  3.593491E+07
5  1998    9  3.413484E-01  3.593491E+07
5  1998   10  2.585917E-01  3.593491E+07
5  1998   11  3.192873E-01  3.593491E+07
5  1998   12  2.139036E-01  3.593491E+07
5  1999    1  1.307751E-01  3.593491E+07
5  1999    2  1.665505E-01  3.593491E+07
5  1999    3  1.221270E-01  3.593491E+07
5  1999    4  1.351990E-01  3.593491E+07
5  1999    5  1.775673E-01  3.593491E+07
5  1999    6  1.255063E-01  3.593491E+07
5  1999    7  2.424521E-01  3.593491E+07
5  1999    8  3.226769E-01  3.593491E+07
5  1999    9  3.340653E-01  3.593491E+07
5  1999   10  2.664693E-01  3.593491E+07
5  1999   11  1.450902E-01  3.593491E+07
5  1999   12  1.420063E-01  3.593491E+07
5  2000    1  8.284579E-02  3.593491E+07
5  2000    2  7.495598E-02  3.593491E+07
5  2000    3  1.526911E-01  3.593491E+07
5  2000    4  1.173739E-01  3.593491E+07
5  2000    5  2.741537E-01  3.593491E+07
5  2000    6  2.308301E-01  3.593491E+07
5  2000    7  3.598397E-01  3.593491E+07
5  2000    8  4.224862E-01  3.593491E+07
5  2000    9  3.568107E-01  3.593491E+07
5  2000   10  3.160583E-01  3.593491E+07
5  2000   11  1.969806E-01  3.593491E+07
5  2000   12  1.294928E-01  3.593491E+07
6  1981    1  4.531755E-01  5.081705E+07
6  1981    2  3.463397E-01  5.081705E+07
6  1981    3  4.444301E-01  5.081705E+07
6  1981    4  2.507676E-01  5.081705E+07
6  1981    5  2.048158E-01  5.081705E+07
6  1981    6  9.778912E-02  5.081705E+07
6  1981    7  1.356963E-01  5.081705E+07
6  1981    8  1.957798E-01  5.081705E+07
6  1981    9  2.289861E-01  5.081705E+07
6  1981   10  2.716238E-01  5.081705E+07
6  1981   11  3.362661E-01  5.081705E+07
6  1981   12  2.610841E-01  5.081705E+07
6  1982    1  3.902529E-01  5.081705E+07
6  1982    2  4.791646E-01  5.081705E+07
6  1982    3  4.423531E-01  5.081705E+07
6  1982    4  4.095370E-01  5.081705E+07
6  1982    5  2.664962E-01  5.081705E+07
6  1982    6  1.072242E-01  5.081705E+07
6  1982    7  7.871159E-02  5.081705E+07
6  1982    8  1.092368E-01  5.081705E+07
6  1982    9  1.839406E-01  5.081705E+07
6  1982   10  1.867652E-01  5.081705E+07
6  1982   11  2.211904E-01  5.081705E+07
6  1982   12  4.438580E-01  5.081705E+07
6  1983    1  3.370918E-01  5.081705E+07
6  1983    2  3.747916E-01  5.081705E+07
6  1983    3  6.193180E-01  5.081705E+07
6  1983    4  2.935661E-01  5.081705E+07
6  1983    5  1.992512E-01  5.081705E+07
6  1983    6  1.475704E-01  5.081705E+07
6  1983    7  2.131781E-01  5.081705E+07
6  1983    8  1.994290E-01  5.081705E+07
6  1983    9  2.684901E-01  5.081705E+07
6  1983   10  2.507778E-01  5.081705E+07
6  1983   11  3.048216E-01  5.081705E+07
6  1983   12  3.940738E-01  5.081705E+07
6  1984    1  3.922851E-01  5.081705E+07
6  1984    2  2.800094E-01  5.081705E+07
6  1984    3  5.006313E-01  5.081705E+07
6  1984    4  4.147623E-01  5.081705E+07
6  1984    5  2.385894E-01  5.081705E+07
6  1984    6  2.155560E-01  5.081705E+07
6  1984    7  1.949019E-01  5.081705E+07
6  1984    8  1.804777E-01  5.081705E+07
6  1984    9  1.853397E-01  5.081705E+07
6  1984   10  1.789737E-01  5.081705E+07
6  1984   11  2.110467E-01  5.081705E+07
6  1984   12  3.374632E-01  5.081705E+07
6  1985    1  4.182701E-01  5.081705E+07
6  1985    2  5.185624E-01  5.081705E+07
6  1985    3  4.405267E-01  5.081705E+07
6  1985    4  3.532433E-01  5.081705E+07
6  1985    5  2.026892E-01  5.081705E+07
6  1985    6  1.617786E-01  5.081705E+07
6  1985    7  1.974773E-01  5.081705E+07
6  1985    8  2.000420E-01  5.081705E+07
6  1985    9  2.152114E-01  5.081705E+07
6  1985   10  2.444807E-01  5.081705E+07
6  1985   11  2.932284E-01  5.081705E+07
6  1985   12  2.340517E-01  5.081705E+07
6  1986    1  3.381557E-01  5.081705E+07
6  1986    2  4.563661E-01  5.081705E+07
6  1986    3  3.647661E-01  5.081705E+07
6  1986    4  3.244240E-01  5.081705E+07
6  1986    5  2.263815E-01  5.081705E+07
6  1986    6  1.433742E-01  5.081705E+07
6  1986    7  1.694177E-01  5.081705E+07
6  1986    8  6.044788E-02  5.081705E+07
6  1986    9  1.096725E-01  5.081705E+07
6  1986   10  1.725040E-01  5.081705E+07
6  1986   11  2.189426E-01  5.081705E+07
6  1986   12  3.503439E-01  5.081705E+07
6  1987    1  3.457591E-01  5.081705E+07
6  1987    2  2.671016E-01  5.081705E+07
6  1987    3  4.236153E-01  5.081705E+07
6  1987    4  6.597065E-01  5.081705E+07
6  1987    5  1.720838E-01  5.081705E+07
6  1987    6  2.085018E-01  5.081705E+07
6  1987    7  1.487357E-01  5.081705E+07
6  1987    8  1.435938E-01  5.081705E+07
6  1987    9  1.400747E-01  5.081705E+07
6  1987   10  3.118946E-01  5.081705E+07
6  1987   11  2.992869E-01  5.081705E+07
6  1987   12  3.546585E-01  5.081705E+07
6  1988    1  4.605270E-01  5.081705E+07
6  1988    2  6.919933E-01  5.081705E+07
6  1988    3  5.522022E-01  5.081705E+07
6  1988    4  3.067953E-01  5.081705E+07
6  1988    5  3.577138E-01  5.081705E+07
6  1988    6  1.799548E-01  5.081705E+07
6  1988    7  2.346908E-01  5.081705E+07
6  1988    8  2.398379E-01  5.081705E+07
6  1988    9  2.173032E-01  5.081705E+07
6  1988   10  2.856687E-01  5.081705E+07
6  1988   11  3.306994E-01  5.081705E+07
6  1988   12  3.342806E-01  5.081705E+07
6  1989    1  4.275457E-01  5.081705E+07
6  1989    2  4.328054E-01  5.081705E+07
6  1989    3  5.956623E-01  5.081705E+07
6  1989    4  3.844267E-01  5.081705E+07
6  1989    5  1.742408E-01  5.081705E+07
6  1989    6  1.751188E-01  5.081705E+07
6  1989    7  1.817981E-01  5.081705E+07
6  1989    8  2.069121E-01  5.081705E+07
6  1989    9  2.738850E-01  5.081705E+07
6  1989   10  1.503249E-01  5.081705E+07
6  1989   11  2.684338E-01  5.081705E+07
6  1989   12  3.526356E-01  5.081705E+07
6  1990    1  3.355468E-01  5.081705E+07
6  1990    2  4.054885E-01  5.081705E+07
6  1990    3  2.996162E-01  5.081705E+07
6  1990    4  2.468461E-01  5.081705E+07
6  1990    5  3.817473E-01  5.081705E+07
6  1990    6  1.896385E-01  5.081705E+07
6  1990    7  1.571804E-01  5.081705E+07
6  1990    8  1.238971E-01  5.081705E+07
6  1990    9  1.569282E-01  5.081705E+07
6  1990   10  1.164614E-01  5.081705E+07
6  1990   11  1.537294E-01  5.081705E+07
6  1990   12  3.196418E-01  5.081705E+07
6  1991    1  3.905073E-01  5.081705E+07
6  1991    2  2.882074E-01  5.081705E+07
6  1991    3  3.893440E-01  5.081705E+07
6  1991    4  4.934175E-01  5.081705E+07
6  1991    5  2.492438E-01  5.081705E+07
6  1991    6  2.298874E-01  5.081705E+07
6  1991    7  1.390911E-01  5.081705E+07
6  1991    8  5.928295E-02  5.081705E+07
6  1991    9  7.391339E-02  5.081705E+07
6  1991   10  2.209180E-01  5.081705E+07
6  1991   11  3.262051E-01  5.081705E+07
6  1991   12  3.187353E-01  5.081705E+07
6  1992    1  6.515837E-01  5.081705E+07
6  1992    2  4.432947E-01  5.081705E+07
6  1992    3  2.905332E-01  5.081705E+07
6  1992    4  3.543130E-01  5.081705E+07
6  1992    5  1.634242E-01  5.081705E+07
6  1992    6  2.153327E-01  5.081705E+07
6  1992    7  1.940331E-01  5.081705E+07
6  1992    8  9.882484E-02  5.081705E+07
6  1992    9  1.855926E-01  5.081705E+07
6  1992   10  1.986122E-01  5.081705E+07
6  1992   11  3.353741E-01  5.081705E+07
6  1992   12  2.844221E-01  5.081705E+07
6  1993    1  2.685478E-01  5.081705E+07
6  1993    2  4.817647E-01  5.081705E+07
6  1993    3  5.788934E-01  5.081705E+07
6  1993    4  2.911622E-01  5.081705E+07
6  1993    5  2.231988E-01  5.081705E+07
6  1993    6  1.509288E-01  5.081705E+07
6  1993    7  1.030246E-01  5.081705E+07
6  1993    8  1.449840E-01  5.081705E+07
6  1993    9  1.796511E-01  5.081705E+07
6  1993   10  2.125218E-01  5.081705E+07
6  1993   11  2.894311E-01  5.081705E+07
6  1993   12  4.232624E-01  5.081705E+07
6  1994    1  4.235519E-01  5.081705E+07
6  1994    2  3.259553E-01  5.081705E+07
6  1994    3  3.606311E-01  5.081705E+07
6  1994    4  2.631865E-01  5.081705E+07
6  1994    5  1.780284E-01  5.081705E+07
6  1994    6  1.611678E-01  5.081705E+07
6  1994    7  1.220087E-01  5.081705E+07
6  1994    8  8.222655E-02  5.081705E+07
6  1994    9  3.987753E-02  5.081705E+07
6  1994   10  1.634627E-01  5.081705E+07
6  1994   11  2.199808E-01  5.081705E+07
6  1994   12  2.684093E-01  5.081705E+07
6  1995    1  4.600562E-01  5.081705E+07
6  1995    2  4.813132E-01  5.081705E+07
6  1995    3  2.990201E-01  5.081705E+07
6  1995    4  3.245145E-01  5.081705E+07
6  1995    5  2.401381E-01  5.081705E+07
6  1995    6  2.371398E-01  5.081705E+07
6  1995    7  2.334708E-01  5.081705E+07
6  1995    8  1.192485E-01  5.081705E+07
6  1995    9  1.629805E-01  5.081705E+07
6  1995   10  2.085904E-01  5.081705E+07
6  1995   11  3.149546E-01  5.081705E+07
6  1995   12  2.523132E-01  5.081705E+07
6  1996    1  3.073172E-01  5.081705E+07
6  1996    2  3.822441E-01  5.081705E+07
6  1996    3  4.859732E-01  5.081705E+07
6  1996    4  3.765815E-01  5.081705E+07
6  1996    5  2.454179E-01  5.081705E+07
6  1996    6  1.882126E-01  5.081705E+07
6  1996    7  1.876731E-01  5.081705E+07
6  1996    8  1.892844E-01  5.081705E+07
6  1996    9  1.612716E-01  5.081705E+07
6  1996   10  2.863266E-01  5.081705E+07
6  1996   11  2.807182E-01  5.081705E+07
6  1996   12  3.647321E-01  5.081705E+07
6  1997    1  3.543628E-01  5.081705E+07
6  1997    2  3.409576E-01  5.081705E+07
6  1997    3  4.208998E-01  5.081705E+07
6  1997    4  2.945592E-01  5.081705E+07
6  1997    5  2.162997E-01  5.081705E+07
6  1997    6  2.239211E-01  5.081705E+07
6  1997    7  7.049438E-02  5.081705E+07
6  1997    8  4.347069E-02  5.081705E+07
6  1997    9  1.097906E-01  5.081705E+07
6  1997   10  8.908410E-02  5.081705E+07
6  1997   11  2.903867E-01  5.081705E+07
6  1997   12  3.206299E-01  5.081705E+07
6  1998    1  4.284362E-01  5.081705E+07
6  1998    2  5.452723E-01  5.081705E+07
6  1998    3  5.120926E-01  5.081705E+07
6  1998    4  5.153859E-01  5.081705E+07
6  1998    5  5.259460E-01  5.081705E+07
6  1998    6  3.001573E-01  5.081705E+07
6  1998    7  2.212998E-01  5.081705E+07
6  1998    8  2.256666E-01  5.081705E+07
6  1998    9  2.875174E-01  5.081705E+07
6  1998   10  2.893748E-01  5.081705E+07
6  1998   11  2.788949E-01  5.081705E+07
6  1998   12  1.501402E-01  5.081705E+07
6  1999    1  5.001745E-01  5.081705E+07
6  1999    2  4.141411E-01  5.081705E+07
6  1999    3  4.257661E-01  5.081705E+07
6  1999    4  4.005562E-01  5.081705E+07
6  1999    5  2.330816E-01  5.081705E+07
6  1999    6  2.301046E-01  5.081705E+07
6  1999    7  1.988135E-01  5.081705E+07
6  1999    8  1.710256E-01  5.081705E+07
6  1999    9  2.146103E-01  5.081705E+07
6  1999   10  2.147649E-01  5.081705E+07
6  1999   11  2.273624E-01  5.081705E+07
6  1999   12  3.706953E-01  5.081705E+07
6  2000    1  4.679653E-01  5.081705E+07
6  2000    2  4.145700E-01  5.081705E+07
6  2000    3  2.816326E-01  5.081705E+07
6  2000    4  3.386196E-01  5.081705E+07
6  2000    5  2.664703E-01  5.081705E+07
6  2000    6  2.014151E-01  5.081705E+07
6  2000    7  2.424830E-01  5.081705E+07
6  2000    8  1.869799E-01  5.081705E+07
6  2000    9  1.601330E-01  5.081705E+07
6  2000   10  2.853510E-01  5.081705E+07
6  2000   11  2.806395E-01  5.081705E+07
6  2000   12  4.230187E-01  5.081705E+07
7  1981    1  3.713170E-01  7.622558E+07
7  1981    2  3.965594E-01  7.622558E+07
7  1981    3  2.748052E-01  7.622558E+07
7  1981    4  1.270304E-01  7.622558E+07
7  1981    5  9.987927E-02  7.622558E+07
7  1981    6  1.559206E-01  7.622558E+07
7  1981    7  1.554986E-01  7.622558E+07
7  1981    8  1.097873E-01  7.622558E+07
7  1981    9  1.506075E-01  7.622558E+07
7  1981   10  1.313962E-01  7.622558E+07
7  1981   11  2.199277E-01  7.622558E+07
7  1981   12  4.097144E-01  7.622558E+07
7  1982    1  3.657683E-01  7.622558E+07
7  1982    2  3.107292E-01  7.622558E+07
7  1982    3  2.696245E-01  7.622558E+07
7  1982    4  2.107629E-01  7.622558E+07
7  1982    5  3.096445E-01  7.622558E+07
7  1982    6  2.271381E-01  7.622558E+07
7  1982    7  2.037143E-01  7.622558E+07
7  1982    8  1.745731E-01  7.622558E+07
7  1982    9  2.190853E-01  7.622558E+07
7  1982   10  1.750592E-01  7.622558E+07
7  1982   11  2.097992E-01  7.622558E+07
7  1982   12  3.771809E-01  7.622558E+07
7  1983    1  6.193404E-01  7.622558E+07
7  1983    2  6.393698E-01  7.622558E+07
7  1983    3  6.175656E-01  7.622558E+07
7  1983    4  4.024092E-01  7.622558E+07
7  1983    5  2.063376E-01  7.622558E+07
7  1983    6  1.650155E-01  7.622558E+07
7  1983    7  1.413220E-01  7.622558E+07
7  1983    8  9.047895E-02  7.622558E+07
7  1983    9  5.246561E-02  7.622558E+07
7  1983   10  7.131915E-02  7.622558E+07
7  1983   11  2.460939E-01  7.622558E+07
7  1983   12  3.558982E-01  7.622558E+07
7  1984    1  3.936071E-01  7.622558E+07
7  1984    2  4.765184E-01  7.622558E+07
7  1984    3  4.589254E-01  7.622558E+07
7  1984    4  3.065344E-01  7.622558E+07
7  1984    5  2.293051E-01  7.622558E+07
7  1984    6  1.549884E-01  7.622558E+07
7  1984    7  1.441041E-01  7.622558E+07
7  1984    8  1.417879E-01  7.622558E+07
7  1984    9  1.269448E-01  7.622558E+07
7  1984   10  1.320354E-01  7.622558E+07
7  1984   11  2.291773E-01  7.622558E+07
7  1984   12  3.505639E-01  7.622558E+07
7  1985    1  2.368164E-01  7.622558E+07
7  1985    2  3.768501E-01  7.622558E+07
7  1985    3  4.343784E-01  7.622558E+07
7  1985    4  1.843686E-01  7.622558E+07
7  1985    5  1.204385E-01  7.622558E+07
7  1985    6  1.440817E-01  7.622558E+07
7  1985    7  1.298241E-01  7.622558E+07
7  1985    8  1.472659E-01  7.622558E+07
7  1985    9  1.303705E-01  7.622558E+07
7  1985   10  2.189910E-01  7.622558E+07
7  1985   11  2.962751E-01  7.622558E+07
7  1985   12  3.395825E-01  7.622558E+07
7  1986    1  4.226792E-01  7.622558E+07
7  1986    2  3.670476E-01  7.622558E+07
7  1986    3  4.098253E-01  7.622558E+07
7  1986    4  2.455044E-01  7.622558E+07
7  1986    5  2.418738E-01  7.622558E+07
7  1986    6  1.377662E-01  7.622558E+07
7  1986    7  1.245894E-01  7.622558E+07
7  1986    8  1.510298E-01  7.622558E+07
7  1986    9  1.790777E-01  7.622558E+07
7  1986   10  2.849926E-01  7.622558E+07
7  1986   11  2.946874E-01  7.622558E+07
7  1986   12  3.099526E-01  7.622558E+07
7  1987    1  4.960026E-01  7.622558E+07
7  1987    2  3.907213E-01  7.622558E+07
7  1987    3  2.973015E-01  7.622558E+07
7  1987    4  3.254739E-01  7.622558E+07
7  1987    5  2.869981E-01  7.622558E+07
7  1987    6  1.859007E-01  7.622558E+07
7  1987    7  1.946455E-01  7.622558E+07
7  1987    8  1.504825E-01  7.622558E+07
7  1987    9  1.951434E-01  7.622558E+07
7  1987   10  1.909475E-01  7.622558E+07
7  1987   11  2.816215E-01  7.622558E+07
7  1987   12  3.513191E-01  7.622558E+07
7  1988    1  3.619712E-01  7.622558E+07
7  1988    2  5.143121E-01  7.622558E+07
7  1988    3  3.308058E-01  7.622558E+07
7  1988    4  2.063164E-01  7.622558E+07
7  1988    5  1.891956E-01  7.622558E+07
7  1988    6  1.443315E-01  7.622558E+07
7  1988    7  9.446090E-02  7.622558E+07
7  1988    8  6.138385E-02  7.622558E+07
7  1988    9  5.844916E-02  7.622558E+07
7  1988   10  9.671619E-02  7.622558E+07
7  1988   11  2.023694E-01  7.622558E+07
7  1988   12  3.076706E-01  7.622558E+07
7  1989    1  3.389508E-01  7.622558E+07
7  1989    2  3.620156E-01  7.622558E+07
7  1989    3  3.281012E-01  7.622558E+07
7  1989    4  2.008999E-01  7.622558E+07
7  1989    5  8.616094E-02  7.622558E+07
7  1989    6  1.111094E-01  7.622558E+07
7  1989    7  1.010528E-01  7.622558E+07
7  1989    8  8.297253E-02  7.622558E+07
7  1989    9  1.134234E-01  7.622558E+07
7  1989   10  1.073262E-01  7.622558E+07
7  1989   11  1.916232E-01  7.622558E+07
7  1989   12  2.245457E-01  7.622558E+07
7  1990    1  3.962239E-01  7.622558E+07
7  1990    2  4.250489E-01  7.622558E+07
7  1990    3  4.300262E-01  7.622558E+07
7  1990    4  2.417625E-01  7.622558E+07
7  1990    5  1.899646E-01  7.622558E+07
7  1990    6  1.332517E-01  7.622558E+07
7  1990    7  1.501529E-01  7.622558E+07
7  1990    8  1.175205E-01  7.622558E+07
7  1990    9  1.910845E-01  7.622558E+07
7  1990   10  1.600648E-01  7.622558E+07
7  1990   11  2.280666E-01  7.622558E+07
7  1990   12  2.976431E-01  7.622558E+07
7  1991    1  4.012784E-01  7.622558E+07
7  1991    2  4.318256E-01  7.622558E+07
7  1991    3  3.356085E-01  7.622558E+07
7  1991    4  2.589962E-01  7.622558E+07
7  1991    5  1.558438E-01  7.622558E+07
7  1991    6  1.969122E-01  7.622558E+07
7  1991    7  1.832558E-01  7.622558E+07
7  1991    8  2.048794E-01  7.622558E+07
7  1991    9  2.067763E-01  7.622558E+07
7  1991   10  2.162720E-01  7.622558E+07
7  1991   11  2.414625E-01  7.622558E+07
7  1991   12  3.175067E-01  7.622558E+07
7  1992    1  2.456136E-01  7.622558E+07
7  1992    2  4.893934E-01  7.622558E+07
7  1992    3  3.389284E-01  7.622558E+07
7  1992    4  2.951317E-01  7.622558E+07
7  1992    5  1.825291E-01  7.622558E+07
7  1992    6  1.463041E-01  7.622558E+07
7  1992    7  2.233969E-01  7.622558E+07
7  1992    8  1.718356E-01  7.622558E+07
7  1992    9  1.495335E-01  7.622558E+07
7  1992   10  1.165257E-01  7.622558E+07
7  1992   11  1.654565E-01  7.622558E+07
7  1992   12  3.316853E-01  7.622558E+07
7  1993    1  3.415706E-01  7.622558E+07
7  1993    2  2.709141E-01  7.622558E+07
7  1993    3  3.055655E-01  7.622558E+07
7  1993    4  2.853902E-01  7.622558E+07
7  1993    5  2.356730E-01  7.622558E+07
7  1993    6  1.513497E-01  7.622558E+07
7  1993    7  1.900963E-01  7.622558E+07
7  1993    8  1.449935E-01  7.622558E+07
7  1993    9  1.166940E-01  7.622558E+07
7  1993   10  1.403806E-01  7.622558E+07
7  1993   11  1.615298E-01  7.622558E+07
7  1993   12  2.848749E-01  7.622558E+07
7  1994    1  3.207894E-01  7.622558E+07
7  1994    2  4.134240E-01  7.622558E+07
7  1994    3  4.057300E-01  7.622558E+07
7  1994    4  1.401821E-01  7.622558E+07
7  1994    5  2.452428E-01  7.622558E+07
7  1994    6  1.683274E-01  7.622558E+07
7  1994    7  2.143885E-01  7.622558E+07
7  1994    8  1.779329E-01  7.622558E+07
7  1994    9  1.805369E-01  7.622558E+07
7  1994   10  2.505489E-01  7.622558E+07
7  1994   11  2.704110E-01  7.622558E+07
7  1994   12  3.630262E-01  7.622558E+07
7  1995    1  3.451218E-01  7.622558E+07
7  1995    2  4.040582E-01  7.622558E+07
7  1995    3  4.562720E-01  7.622558E+07
7  1995    4  3.800803E-01  7.622558E+07
7  1995    5  1.970068E-01  7.622558E+07
7  1995    6  1.364268E-01  7.622558E+07
7  1995    7  1.377152E-01  7.622558E+07
7  1995    8  8.887793E-02  7.622558E+07
7  1995    9  9.173840E-02  7.622558E+07
7  1995   10  1.459359E-01  7.622558E+07
7  1995   11  1.626312E-01  7.622558E+07
7  1995   12  2.206259E-01  7.622558E+07
7  1996    1  5.008463E-01  7.622558E+07
7  1996    2  5.483692E-01  7.622558E+07
7  1996    3  4.115785E-01  7.622558E+07
7  1996    4  2.096132E-01  7.622558E+07
7  1996    5  1.947667E-01  7.622558E+07
7  1996    6  9.692103E-02  7.622558E+07
7  1996    7  9.023904E-02  7.622558E+07
7  1996    8  1.247186E-01  7.622558E+07
7  1996    9  1.530701E-01  7.622558E+07
7  1996   10  1.093528E-01  7.622558E+07
7  1996   11  2.363401E-01  7.622558E+07
7  1996   12  3.652610E-01  7.622558E+07
7  1997    1  5.043368E-01  7.622558E+07
7  1997    2  3.772449E-01  7.622558E+07
7  1997    3  3.612626E-01  7.622558E+07
7  1997    4  1.660052E-01  7.622558E+07
7  1997    5  1.890115E-01  7.622558E+07
7  1997    6  1.917080E-01  7.622558E+07
7  1997    7  1.548348E-01  7.622558E+07
7  1997    8  1.591250E-01  7.622558E+07
7  1997    9  1.897211E-01  7.622558E+07
7  1997   10  1.786847E-01  7.622558E+07
7  1997   11  2.235602E-01  7.622558E+07
7  1997   12  4.241694E-01  7.622558E+07
7  1998    1  5.101968E-01  7.622558E+07
7  1998    2  3.499955E-01  7.622558E+07
7  1998    3  4.343810E-01  7.622558E+07
7  1998    4  3.757559E-01  7.622558E+07
7  1998    5  1.555097E-01  7.622558E+07
7  1998    6  1.317516E-01  7.622558E+07
7  1998    7  1.224867E-01  7.622558E+07
7  1998    8  7.216072E-02  7.622558E+07
7  1998    9  7.650176E-02  7.622558E+07
7  1998   10  9.897599E-02  7.622558E+07
7  1998   11  2.027455E-01  7.622558E+07
7  1998   12  4.667848E-01  7.622558E+07
7  1999    1  4.553571E-01  7.622558E+07
7  1999    2  4.191217E-01  7.622558E+07
7  1999    3  4.249593E-01  7.622558E+07
7  1999    4  3.416408E-01  7.622558E+07
7  1999    5  1.659035E-01  7.622558E+07
7  1999    6  1.515912E-01  7.622558E+07
7  1999    7  8.430996E-02  7.622558E+07
7  1999    8  5.947265E-02  7.622558E+07
7  1999    9  1.100612E-01  7.622558E+07
7  1999   10  1.076644E-01  7.622558E+07
7  1999   11  1.577446E-01  7.622558E+07
7  1999   12  2.870300E-01  7.622558E+07
7  2000    1  3.713548E-01  7.622558E+07
7  2000    2  4.587465E-01  7.622558E+07
7  2000    3  4.151358E-01  7.622558E+07
7  2000    4  2.549395E-01  7.622558E+07
7  2000    5  1.571216E-01  7.622558E+07
7  2000    6  1.080398E-01  7.622558E+07
7  2000    7  1.015339E-01  7.622558E+07
7  2000    8  8.931498E-02  7.622558E+07
7  2000    9  8.654807E-02  7.622558E+07
7  2000   10  1.146128E-01  7.622558E+07
7  2000   11  2.266729E-01  7.622558E+07
7  2000   12  3.203609E-01  7.622558E+07
